3 0 1 2 
3 0 2 3 
3 3 2 4 
3 3 4 5 
3 5 4 6 
3 5 6 7 
3 7 6 8 
3 1 9 10 
3 1 10 2 
3 2 10 11 
3 2 11 4 
3 4 11 12 
3 4 12 6 
3 6 12 8 
3 9 13 14 
3 9 14 10 
3 10 14 15 
3 10 15 11 
3 11 15 16 
3 11 16 12 
3 12 16 8 
3 13 17 18 
3 13 18 14 
3 14 18 19 
3 14 19 15 
3 15 19 20 
3 15 20 16 
3 16 20 8 
3 17 21 22 
3 17 22 18 
3 18 22 23 
3 18 23 19 
3 19 23 24 
3 19 24 20 
3 20 24 8 
3 21 0 3 
3 21 3 22 
3 22 3 5 
3 22 5 23 
3 23 5 7 
3 23 7 24 
3 24 7 8 
3 1 0 21 
3 1 21 17 
3 1 17 13 
3 1 13 9 
3 25 26 27 
3 25 27 28 
3 25 28 29 
3 25 29 30 
3 29 31 32 
3 29 32 30 
3 28 33 31 
3 28 31 29 
3 27 34 33 
3 27 33 28 
3 26 35 34 
3 26 34 27 
3 25 36 35 
3 25 35 26 
3 30 32 36 
3 30 36 25 
3 37 38 39 
3 37 39 40 
3 37 40 41 
3 37 41 42 
3 31 38 37 
3 31 37 32 
3 33 39 38 
3 33 38 31 
3 34 40 39 
3 34 39 33 
3 35 41 40 
3 35 40 34 
3 36 42 41 
3 36 41 35 
3 32 37 42 
3 32 42 36 
3 43 44 45 
3 46 45 47 
3 48 49 50 
3 48 50 51 
3 52 48 51 
3 52 51 53 
3 43 54 49 
3 43 49 48 
3 44 43 48 
3 44 48 52 
3 55 56 57 
3 55 57 58 
3 55 58 59 
3 60 61 62 
3 63 62 59 
3 63 59 54 
3 64 65 62 
3 64 62 63 
3 50 66 65 
3 50 65 64 
3 49 58 66 
3 49 66 50 
3 54 59 58 
3 54 58 49 
3 58 57 67 
3 58 67 68 
3 58 68 65 
3 58 65 66 
3 65 68 69 
3 60 62 65 
3 60 65 69 
3 61 60 70 
3 61 70 71 
3 61 71 62 
3 62 71 59 
3 59 71 55 
3 55 71 70 
3 67 70 60 
3 67 60 69 
3 67 69 68 
3 55 70 56 
3 56 70 67 
3 52 72 44 
3 53 73 47 
3 53 47 72 
3 53 72 52 
3 44 72 45 
3 72 47 45 
3 43 45 54 
3 54 45 63 
3 46 63 45 
3 46 74 75 
3 46 75 63 
3 75 76 64 
3 75 64 63 
3 74 77 76 
3 74 76 75 
3 73 77 74 
3 73 74 46 
3 46 47 73 
3 64 76 51 
3 64 51 50 
3 76 77 73 
3 76 73 51 
3 51 73 53 
3 67 57 56 
3 78 79 80 
3 81 82 78 
3 81 78 80 
3 81 80 83 
3 84 82 81 
3 85 86 84 
3 85 84 81 
3 85 81 83 
3 85 83 87 
3 85 87 88 
3 89 85 90 
3 85 88 90 
3 91 92 85 
3 93 86 85 
3 93 85 92 
3 93 92 94 
3 92 91 95 
3 92 95 94 
3 96 94 95 
3 95 97 96 
3 97 98 96 
3 98 99 100 
3 98 100 96 
3 94 96 100 
3 94 100 93 
3 98 101 102 
3 98 102 99 
3 97 101 98 
3 103 104 101 
3 103 101 97 
3 105 103 97 
3 105 97 106 
3 107 106 97 
3 107 97 95 
3 107 95 91 
3 108 106 107 
3 105 106 108 
3 105 108 109 
3 110 111 105 
3 110 105 109 
3 110 109 112 
3 109 108 113 
3 109 113 112 
3 108 107 113 
3 112 113 114 
3 113 107 114 
3 104 103 105 
3 104 105 111 
3 114 115 116 
3 114 116 112 
3 117 118 119 
3 117 119 89 
3 91 89 119 
3 91 119 107 
3 120 114 107 
3 120 107 119 
3 120 119 118 
3 120 118 121 
3 115 114 120 
3 115 122 116 
3 120 121 122 
3 120 122 115 
3 118 123 124 
3 118 124 121 
3 118 117 123 
3 121 124 125 
3 121 125 122 
3 124 126 125 
3 124 127 128 
3 124 128 126 
3 123 127 124 
3 127 129 128 
3 123 130 129 
3 123 129 127 
3 90 131 117 
3 90 117 89 
3 85 89 91 
3 87 132 90 
3 87 90 88 
3 132 131 90 
3 132 133 131 
3 131 123 117 
3 131 134 130 
3 131 130 123 
3 133 135 131 
3 135 134 131 
3 136 133 132 
3 136 132 87 
3 137 135 133 
3 136 137 133 
3 130 138 129 
3 138 100 99 
3 130 134 138 
3 134 139 93 
3 134 93 100 
3 134 100 138 
3 139 86 93 
3 84 86 139 
3 129 138 99 
3 129 99 102 
3 129 102 128 
3 135 140 134 
3 140 139 134 
3 140 141 84 
3 140 84 139 
3 137 140 135 
3 78 140 137 
3 141 78 82 
3 141 82 84 
3 137 136 78 
3 78 141 140 
3 79 78 136 
3 136 87 79 
3 87 83 79 
3 83 80 79 
3 128 102 101 
3 128 101 104 
3 128 104 126 
3 104 111 125 
3 122 110 116 
3 111 110 122 
3 111 122 125 
3 110 112 116 
3 125 126 104 
3 142 143 144 
3 142 145 143 
3 146 147 142 
3 146 142 148 
3 149 150 151 
3 149 151 152 
3 150 153 154 
3 150 154 155 
3 156 157 149 
3 156 149 158 
3 156 158 159 
3 156 159 160 
3 156 160 161 
3 162 163 164 
3 165 166 167 
3 165 167 168 
3 169 170 171 
3 169 171 172 
3 146 152 151 
3 146 151 147 
3 144 148 142 
3 144 173 148 
3 173 144 174 
3 174 144 143 
3 174 143 175 
3 143 145 162 
3 143 162 176 
3 163 162 145 
3 175 143 176 
3 177 174 175 
3 177 175 178 
3 178 160 159 
3 178 159 177 
3 177 159 158 
3 161 160 179 
3 178 180 179 
3 180 178 175 
3 175 176 180 
3 180 176 179 
3 179 176 164 
3 164 176 162 
3 151 150 155 
3 151 155 147 
3 147 155 142 
3 154 163 145 
3 156 153 157 
3 157 150 149 
3 142 155 145 
3 145 155 154 
3 177 158 149 
3 177 149 152 
3 177 152 146 
3 177 146 174 
3 174 146 148 
3 174 148 173 
3 181 169 172 
3 181 172 168 
3 167 181 168 
3 182 183 181 
3 182 181 167 
3 184 185 170 
3 184 183 182 
3 182 186 187 
3 182 187 184 
3 171 170 185 
3 171 185 188 
3 185 184 187 
3 185 187 188 
3 186 182 167 
3 186 167 166 
3 189 186 166 
3 189 190 187 
3 189 187 186 
3 190 189 191 
3 191 189 166 
3 191 166 165 
3 191 165 168 
3 188 192 193 
3 188 193 171 
3 171 193 172 
3 190 188 187 
3 190 192 188 
3 169 181 170 
3 170 181 183 
3 184 170 183 
3 194 195 196 
3 194 196 197 
3 198 199 195 
3 198 195 194 
3 200 201 199 
3 200 199 198 
3 202 203 201 
3 202 201 200 
3 204 205 203 
3 204 203 202 
3 197 196 205 
3 197 205 204 
3 153 194 197 
3 153 197 154 
3 156 198 194 
3 156 194 153 
3 161 200 198 
3 161 198 156 
3 164 202 200 
3 164 200 161 
3 163 204 202 
3 163 202 164 
3 154 197 204 
3 154 204 163 
3 195 206 207 
3 195 207 196 
3 199 208 206 
3 199 206 195 
3 201 209 208 
3 201 208 199 
3 203 210 209 
3 203 209 201 
3 205 210 203 
3 196 207 210 
3 196 210 205 
3 206 211 212 
3 206 212 207 
3 208 213 211 
3 208 211 206 
3 209 214 213 
3 209 213 208 
3 210 215 214 
3 210 214 209 
3 216 215 210 
3 207 212 216 
3 207 216 210 
3 211 191 168 
3 211 168 212 
3 213 190 191 
3 213 191 211 
3 214 192 190 
3 214 190 213 
3 215 193 192 
3 215 192 214 
3 216 172 193 
3 216 193 215 
3 212 168 172 
3 212 172 216 
3 164 161 179 
3 160 178 179 
3 153 150 157 
3 217 218 219 
3 217 219 220 
3 221 222 223 
3 221 223 224 
3 225 226 222 
3 225 222 221 
3 227 228 226 
3 227 226 225 
3 229 230 228 
3 229 228 227 
3 231 232 230 
3 231 230 229 
3 233 234 232 
3 233 232 231 
3 235 236 234 
3 235 234 233 
3 237 238 236 
3 237 236 235 
3 224 223 238 
3 224 238 237 
3 222 239 240 
3 222 240 223 
3 226 241 239 
3 226 239 222 
3 228 242 241 
3 228 241 226 
3 230 243 242 
3 230 242 228 
3 232 244 243 
3 232 243 230 
3 234 245 244 
3 234 244 232 
3 236 246 245 
3 236 245 234 
3 238 247 246 
3 238 246 236 
3 223 240 247 
3 223 247 238 
3 239 248 249 
3 239 249 240 
3 241 250 248 
3 241 248 239 
3 242 251 250 
3 242 250 241 
3 243 252 251 
3 243 251 242 
3 244 253 252 
3 244 252 243 
3 245 254 253 
3 245 253 244 
3 246 255 254 
3 246 254 245 
3 247 256 255 
3 247 255 246 
3 240 249 256 
3 240 256 247 
3 248 257 258 
3 248 258 249 
3 250 259 257 
3 250 257 248 
3 251 260 259 
3 251 259 250 
3 252 261 260 
3 252 260 251 
3 253 262 261 
3 253 261 252 
3 254 263 262 
3 254 262 253 
3 255 264 263 
3 255 263 254 
3 256 265 264 
3 256 264 255 
3 249 258 265 
3 249 265 256 
3 266 267 268 
3 266 268 269 
3 270 271 267 
3 270 267 266 
3 272 273 271 
3 272 271 270 
3 274 275 273 
3 274 273 272 
3 276 277 275 
3 276 275 274 
3 278 279 277 
3 278 277 276 
3 280 281 278 
3 257 266 269 
3 257 269 258 
3 259 270 266 
3 259 266 257 
3 260 272 270 
3 260 270 259 
3 261 274 272 
3 261 272 260 
3 262 276 274 
3 262 274 261 
3 263 278 276 
3 263 276 262 
3 264 280 263 
3 280 264 265 
3 280 265 258 
3 280 258 269 
3 281 279 278 
3 282 283 279 
3 282 279 281 
3 220 268 267 
3 220 267 217 
3 217 267 271 
3 217 271 218 
3 218 271 273 
3 218 273 284 
3 284 273 275 
3 284 275 219 
3 269 268 220 
3 269 220 280 
3 280 220 281 
3 219 285 283 
3 219 283 282 
3 219 282 220 
3 225 221 224 
3 225 224 237 
3 225 237 227 
3 237 235 233 
3 237 233 231 
3 237 231 229 
3 237 229 227 
3 280 278 263 
3 219 275 277 
3 219 277 285 
3 285 277 279 
3 285 279 283 
3 220 282 281 
3 218 284 219 
3 286 287 288 
3 286 288 289 
3 289 288 290 
3 289 290 291 
3 291 290 292 
3 291 292 293 
3 293 292 294 
3 287 295 296 
3 287 296 288 
3 288 296 297 
3 288 297 290 
3 290 297 298 
3 290 298 292 
3 292 298 294 
3 295 299 300 
3 295 300 296 
3 296 300 301 
3 296 301 297 
3 297 301 302 
3 297 302 298 
3 298 302 294 
3 299 303 304 
3 299 304 300 
3 300 304 305 
3 300 305 301 
3 301 305 306 
3 301 306 302 
3 302 306 294 
3 303 307 308 
3 303 308 304 
3 304 308 309 
3 304 309 305 
3 305 309 310 
3 305 310 306 
3 306 310 294 
3 307 286 289 
3 307 289 308 
3 308 289 291 
3 308 291 309 
3 309 291 293 
3 309 293 310 
3 310 293 294 
3 287 286 307 
3 287 307 303 
3 287 303 299 
3 287 299 295 
3 311 312 313 
3 314 315 312 
3 314 312 311 
3 316 317 315 
3 316 315 314 
3 318 319 317 
3 318 317 316 
3 320 321 319 
3 320 319 318 
3 322 321 320 
3 312 323 313 
3 315 324 323 
3 315 323 312 
3 317 325 324 
3 317 324 315 
3 319 326 325 
3 319 325 317 
3 321 327 326 
3 321 326 319 
3 322 327 321 
3 323 328 313 
3 324 329 328 
3 324 328 323 
3 325 330 329 
3 325 329 324 
3 326 331 330 
3 326 330 325 
3 327 332 331 
3 327 331 326 
3 322 332 327 
3 328 333 313 
3 329 334 333 
3 329 333 328 
3 330 335 334 
3 330 334 329 
3 331 336 335 
3 331 335 330 
3 332 337 336 
3 332 336 331 
3 322 337 332 
3 333 338 313 
3 334 339 338 
3 334 338 333 
3 335 340 339 
3 335 339 334 
3 336 341 340 
3 336 340 335 
3 337 342 341 
3 337 341 336 
3 322 342 337 
3 338 311 313 
3 339 314 311 
3 339 311 338 
3 340 316 314 
3 340 314 339 
3 341 318 316 
3 341 316 340 
3 342 320 318 
3 342 318 341 
3 322 320 342 
3 343 344 345 
3 343 346 344 
3 347 348 343 
3 347 343 349 
3 350 351 352 
3 350 352 353 
3 351 354 355 
3 351 355 356 
3 357 358 350 
3 357 350 359 
3 357 359 360 
3 357 360 361 
3 357 361 362 
3 363 364 365 
3 366 367 368 
3 366 368 369 
3 370 371 372 
3 370 372 373 
3 347 353 352 
3 347 352 348 
3 345 349 343 
3 345 374 349 
3 374 345 375 
3 375 345 344 
3 375 344 376 
3 344 346 363 
3 344 363 377 
3 364 363 346 
3 376 344 377 
3 378 375 376 
3 378 376 379 
3 379 361 360 
3 379 360 378 
3 378 360 359 
3 362 361 380 
3 379 381 380 
3 381 379 376 
3 376 377 381 
3 381 377 380 
3 380 377 365 
3 365 377 363 
3 352 351 356 
3 352 356 348 
3 348 356 343 
3 355 364 346 
3 357 354 358 
3 358 351 350 
3 343 356 346 
3 346 356 355 
3 378 359 350 
3 378 350 353 
3 378 353 347 
3 378 347 375 
3 375 347 349 
3 375 349 374 
3 382 370 373 
3 382 373 369 
3 368 382 369 
3 383 384 382 
3 383 382 368 
3 371 382 384 
3 385 386 371 
3 385 384 383 
3 383 387 388 
3 383 388 385 
3 372 371 386 
3 372 386 389 
3 386 385 388 
3 386 388 389 
3 387 383 368 
3 387 368 367 
3 390 387 367 
3 390 391 388 
3 390 388 387 
3 391 390 392 
3 392 390 367 
3 392 367 366 
3 392 366 369 
3 389 393 394 
3 389 394 372 
3 372 394 373 
3 391 389 388 
3 391 393 389 
3 370 382 371 
3 385 371 384 
3 395 396 397 
3 395 397 398 
3 399 400 396 
3 399 396 395 
3 401 402 400 
3 401 400 399 
3 403 404 402 
3 403 402 401 
3 405 406 404 
3 405 404 403 
3 398 397 406 
3 398 406 405 
3 354 395 398 
3 354 398 355 
3 357 399 395 
3 357 395 354 
3 362 401 399 
3 362 399 357 
3 365 403 401 
3 365 401 362 
3 364 405 403 
3 364 403 365 
3 355 398 405 
3 355 405 364 
3 396 407 408 
3 396 408 397 
3 400 409 407 
3 400 407 396 
3 402 410 409 
3 402 409 400 
3 404 411 410 
3 404 410 402 
3 406 411 404 
3 397 408 411 
3 397 411 406 
3 407 412 413 
3 407 413 408 
3 409 414 412 
3 409 412 407 
3 410 415 414 
3 410 414 409 
3 411 416 415 
3 411 415 410 
3 417 416 411 
3 408 413 417 
3 408 417 411 
3 412 392 369 
3 412 369 413 
3 414 391 392 
3 414 392 412 
3 415 393 391 
3 415 391 414 
3 416 394 393 
3 416 393 415 
3 417 373 394 
3 417 394 416 
3 413 369 373 
3 413 373 417 
3 365 362 380 
3 361 379 380 
3 354 351 358 
3 418 419 420 
3 418 420 421 
3 422 423 424 
3 422 424 425 
3 426 427 423 
3 426 423 422 
3 428 429 427 
3 428 427 426 
3 430 431 429 
3 430 429 428 
3 432 433 431 
3 432 431 430 
3 434 435 433 
3 434 433 432 
3 436 437 435 
3 436 435 434 
3 438 439 437 
3 438 437 436 
3 425 424 439 
3 425 439 438 
3 423 440 441 
3 423 441 424 
3 427 442 440 
3 427 440 423 
3 429 443 442 
3 429 442 427 
3 431 444 443 
3 431 443 429 
3 433 445 444 
3 433 444 431 
3 435 446 445 
3 435 445 433 
3 437 447 446 
3 437 446 435 
3 439 448 447 
3 439 447 437 
3 424 441 448 
3 424 448 439 
3 440 449 450 
3 440 450 441 
3 442 451 449 
3 442 449 440 
3 443 452 451 
3 443 451 442 
3 444 453 452 
3 444 452 443 
3 445 454 453 
3 445 453 444 
3 446 455 454 
3 446 454 445 
3 447 456 455 
3 447 455 446 
3 448 457 456 
3 448 456 447 
3 441 450 457 
3 441 457 448 
3 449 458 459 
3 449 459 450 
3 451 460 458 
3 451 458 449 
3 452 461 460 
3 452 460 451 
3 453 462 461 
3 453 461 452 
3 454 463 462 
3 454 462 453 
3 455 464 463 
3 455 463 454 
3 456 465 464 
3 456 464 455 
3 457 466 465 
3 457 465 456 
3 450 459 466 
3 450 466 457 
3 467 468 469 
3 467 469 470 
3 471 472 468 
3 471 468 467 
3 473 474 472 
3 473 472 471 
3 475 476 474 
3 475 474 473 
3 477 478 476 
3 477 476 475 
3 479 480 478 
3 479 478 477 
3 481 482 479 
3 458 467 470 
3 458 470 459 
3 460 471 467 
3 460 467 458 
3 461 473 471 
3 461 471 460 
3 462 475 473 
3 462 473 461 
3 463 477 475 
3 463 475 462 
3 464 479 477 
3 464 477 463 
3 465 481 464 
3 481 465 466 
3 481 466 459 
3 481 459 470 
3 482 480 479 
3 483 484 480 
3 483 480 482 
3 421 469 468 
3 421 468 418 
3 418 468 472 
3 418 472 419 
3 419 472 474 
3 419 474 485 
3 485 474 476 
3 485 476 420 
3 470 469 421 
3 470 421 481 
3 481 421 482 
3 420 486 484 
3 420 484 483 
3 420 483 421 
3 426 422 425 
3 426 425 438 
3 426 438 428 
3 438 436 434 
3 438 434 432 
3 438 432 430 
3 438 430 428 
3 481 479 464 
3 420 476 478 
3 420 478 486 
3 486 478 480 
3 486 480 484 
3 421 483 482 
3 419 485 420 
3 487 488 489 
3 487 489 490 
3 490 489 491 
3 490 491 492 
3 492 491 493 
3 492 493 494 
3 494 493 495 
3 488 496 497 
3 488 497 489 
3 489 497 498 
3 489 498 491 
3 491 498 499 
3 491 499 493 
3 493 499 495 
3 496 500 501 
3 496 501 497 
3 497 501 502 
3 497 502 498 
3 498 502 503 
3 498 503 499 
3 499 503 495 
3 500 504 505 
3 500 505 501 
3 501 505 506 
3 501 506 502 
3 502 506 507 
3 502 507 503 
3 503 507 495 
3 504 508 509 
3 504 509 505 
3 505 509 510 
3 505 510 506 
3 506 510 511 
3 506 511 507 
3 507 511 495 
3 508 487 490 
3 508 490 509 
3 509 490 492 
3 509 492 510 
3 510 492 494 
3 510 494 511 
3 511 494 495 
3 488 487 508 
3 488 508 504 
3 488 504 500 
3 488 500 496 
3 512 513 514 
3 515 516 513 
3 515 513 512 
3 517 518 516 
3 517 516 515 
3 519 520 518 
3 519 518 517 
3 521 522 520 
3 521 520 519 
3 523 522 521 
3 513 524 514 
3 516 525 524 
3 516 524 513 
3 518 526 525 
3 518 525 516 
3 520 527 526 
3 520 526 518 
3 522 528 527 
3 522 527 520 
3 523 528 522 
3 524 529 514 
3 525 530 529 
3 525 529 524 
3 526 531 530 
3 526 530 525 
3 527 532 531 
3 527 531 526 
3 528 533 532 
3 528 532 527 
3 523 533 528 
3 529 534 514 
3 530 535 534 
3 530 534 529 
3 531 536 535 
3 531 535 530 
3 532 537 536 
3 532 536 531 
3 533 538 537 
3 533 537 532 
3 523 538 533 
3 534 539 514 
3 535 540 539 
3 535 539 534 
3 536 541 540 
3 536 540 535 
3 537 542 541 
3 537 541 536 
3 538 543 542 
3 538 542 537 
3 523 543 538 
3 539 512 514 
3 540 515 512 
3 540 512 539 
3 541 517 515 
3 541 515 540 
3 542 519 517 
3 542 517 541 
3 543 521 519 
3 543 519 542 
3 523 521 543 
3 544 545 546 
3 544 546 547 
3 548 549 545 
3 548 545 544 
3 550 551 549 
3 550 549 548 
3 552 553 551 
3 552 551 550 
3 554 555 553 
3 554 553 552 
3 556 557 555 
3 556 555 554 
3 558 559 557 
3 558 557 556 
3 560 561 559 
3 560 559 558 
3 562 563 561 
3 562 561 560 
3 564 565 563 
3 564 563 562 
3 566 567 565 
3 566 565 564 
3 568 569 567 
3 568 567 566 
3 570 571 569 
3 570 569 568 
3 547 546 571 
3 547 571 570 
3 545 572 573 
3 545 573 546 
3 549 574 572 
3 549 572 545 
3 551 575 574 
3 551 574 549 
3 553 576 575 
3 553 575 551 
3 555 577 576 
3 555 576 553 
3 557 578 577 
3 557 577 555 
3 559 579 578 
3 559 578 557 
3 561 580 579 
3 561 579 559 
3 563 581 580 
3 563 580 561 
3 565 582 581 
3 565 581 563 
3 567 583 582 
3 567 582 565 
3 569 584 583 
3 569 583 567 
3 571 585 584 
3 571 584 569 
3 546 573 585 
3 546 585 571 
3 572 586 587 
3 572 587 573 
3 574 588 586 
3 574 586 572 
3 575 589 588 
3 575 588 574 
3 576 590 589 
3 576 589 575 
3 577 591 590 
3 577 590 576 
3 578 592 591 
3 578 591 577 
3 579 593 592 
3 579 592 578 
3 580 594 593 
3 580 593 579 
3 581 595 594 
3 581 594 580 
3 582 596 595 
3 582 595 581 
3 583 597 596 
3 583 596 582 
3 584 598 597 
3 584 597 583 
3 585 599 598 
3 585 598 584 
3 573 587 599 
3 573 599 585 
3 586 600 601 
3 586 601 587 
3 588 602 600 
3 588 600 586 
3 589 603 602 
3 589 602 588 
3 590 604 603 
3 590 603 589 
3 591 605 604 
3 591 604 590 
3 592 606 605 
3 592 605 591 
3 593 607 606 
3 593 606 592 
3 594 608 607 
3 594 607 593 
3 595 609 608 
3 595 608 594 
3 596 610 609 
3 596 609 595 
3 597 611 610 
3 597 610 596 
3 598 612 611 
3 598 611 597 
3 599 613 612 
3 599 612 598 
3 587 601 613 
3 587 613 599 
3 600 614 615 
3 600 615 601 
3 602 616 614 
3 602 614 600 
3 603 617 616 
3 603 616 602 
3 604 618 617 
3 604 617 603 
3 605 619 618 
3 605 618 604 
3 606 620 619 
3 606 619 605 
3 607 621 620 
3 607 620 606 
3 608 622 621 
3 608 621 607 
3 609 623 622 
3 609 622 608 
3 610 624 623 
3 610 623 609 
3 611 625 624 
3 611 624 610 
3 612 626 625 
3 612 625 611 
3 613 627 626 
3 613 626 612 
3 601 615 627 
3 601 627 613 
3 614 628 629 
3 614 629 615 
3 616 630 628 
3 616 628 614 
3 617 631 630 
3 617 630 616 
3 618 632 631 
3 618 631 617 
3 619 633 632 
3 619 632 618 
3 620 634 633 
3 620 633 619 
3 621 635 634 
3 621 634 620 
3 622 636 635 
3 622 635 621 
3 623 637 636 
3 623 636 622 
3 624 638 637 
3 624 637 623 
3 625 639 638 
3 625 638 624 
3 626 640 639 
3 626 639 625 
3 627 641 640 
3 627 640 626 
3 615 629 641 
3 615 641 627 
3 628 642 643 
3 628 643 629 
3 630 644 642 
3 630 642 628 
3 631 645 644 
3 631 644 630 
3 632 646 645 
3 632 645 631 
3 633 647 646 
3 633 646 632 
3 634 648 647 
3 634 647 633 
3 635 649 648 
3 635 648 634 
3 636 650 649 
3 636 649 635 
3 637 651 650 
3 637 650 636 
3 638 652 651 
3 638 651 637 
3 639 653 652 
3 639 652 638 
3 640 654 653 
3 640 653 639 
3 641 655 654 
3 641 654 640 
3 629 643 655 
3 629 655 641 
3 642 656 657 
3 642 657 643 
3 644 658 656 
3 644 656 642 
3 645 659 658 
3 645 658 644 
3 646 660 659 
3 646 659 645 
3 647 661 660 
3 647 660 646 
3 648 662 661 
3 648 661 647 
3 649 663 662 
3 649 662 648 
3 650 664 663 
3 650 663 649 
3 651 665 664 
3 651 664 650 
3 652 666 665 
3 652 665 651 
3 653 667 666 
3 653 666 652 
3 654 668 667 
3 654 667 653 
3 655 669 668 
3 655 668 654 
3 643 657 669 
3 643 669 655 
3 656 670 671 
3 656 671 657 
3 658 672 670 
3 658 670 656 
3 659 673 672 
3 659 672 658 
3 660 674 673 
3 660 673 659 
3 661 675 674 
3 661 674 660 
3 662 676 675 
3 662 675 661 
3 663 677 676 
3 663 676 662 
3 664 678 677 
3 664 677 663 
3 665 679 678 
3 665 678 664 
3 666 680 679 
3 666 679 665 
3 667 681 680 
3 667 680 666 
3 668 682 681 
3 668 681 667 
3 669 683 682 
3 669 682 668 
3 657 671 683 
3 657 683 669 
3 670 684 685 
3 670 685 671 
3 672 686 684 
3 672 684 670 
3 673 687 686 
3 673 686 672 
3 674 688 687 
3 674 687 673 
3 675 689 688 
3 675 688 674 
3 676 690 689 
3 676 689 675 
3 677 691 690 
3 677 690 676 
3 678 692 691 
3 678 691 677 
3 679 693 692 
3 679 692 678 
3 680 694 693 
3 680 693 679 
3 681 695 694 
3 681 694 680 
3 682 696 695 
3 682 695 681 
3 683 697 696 
3 683 696 682 
3 671 685 697 
3 671 697 683 
3 684 698 699 
3 684 699 685 
3 686 700 698 
3 686 698 684 
3 687 701 700 
3 687 700 686 
3 688 702 701 
3 688 701 687 
3 689 703 702 
3 689 702 688 
3 690 704 703 
3 690 703 689 
3 691 705 704 
3 691 704 690 
3 692 706 705 
3 692 705 691 
3 693 707 706 
3 693 706 692 
3 694 708 707 
3 694 707 693 
3 695 709 708 
3 695 708 694 
3 696 710 709 
3 696 709 695 
3 697 711 710 
3 697 710 696 
3 685 699 711 
3 685 711 697 
3 698 712 713 
3 698 713 699 
3 700 714 712 
3 700 712 698 
3 701 715 714 
3 701 714 700 
3 702 716 715 
3 702 715 701 
3 703 717 716 
3 703 716 702 
3 704 718 717 
3 704 717 703 
3 705 719 718 
3 705 718 704 
3 706 720 719 
3 706 719 705 
3 707 721 720 
3 707 720 706 
3 708 722 721 
3 708 721 707 
3 709 723 722 
3 709 722 708 
3 710 724 723 
3 710 723 709 
3 711 725 724 
3 711 724 710 
3 699 713 725 
3 699 725 711 
3 712 726 727 
3 712 727 713 
3 714 728 726 
3 714 726 712 
3 715 729 728 
3 715 728 714 
3 716 730 729 
3 716 729 715 
3 717 731 730 
3 717 730 716 
3 718 732 731 
3 718 731 717 
3 719 733 732 
3 719 732 718 
3 720 734 733 
3 720 733 719 
3 721 735 734 
3 721 734 720 
3 722 736 735 
3 722 735 721 
3 723 737 736 
3 723 736 722 
3 724 738 737 
3 724 737 723 
3 725 739 738 
3 725 738 724 
3 713 727 739 
3 713 739 725 
3 740 727 726 
3 740 726 728 
3 740 728 729 
3 740 729 730 
3 740 730 731 
3 740 731 732 
3 740 732 733 
3 740 733 734 
3 740 734 735 
3 740 735 736 
3 740 736 737 
3 740 737 738 
3 740 738 739 
3 740 739 727 
3 544 547 741 
3 548 544 741 
3 550 548 741 
3 552 550 741 
3 554 552 741 
3 556 554 741 
3 558 556 741 
3 560 558 741 
3 562 560 741 
3 564 562 741 
3 566 564 741 
3 568 566 741 
3 570 568 741 
3 547 570 741 
3 742 743 744 
3 742 744 745 
3 746 747 743 
3 746 743 742 
3 748 749 747 
3 748 747 746 
3 750 751 749 
3 750 749 748 
3 752 753 751 
3 752 751 750 
3 754 755 753 
3 754 753 752 
3 756 757 755 
3 756 755 754 
3 758 759 757 
3 758 757 756 
3 760 761 759 
3 760 759 758 
3 762 763 761 
3 762 761 760 
3 764 765 763 
3 764 763 762 
3 766 767 765 
3 766 765 764 
3 768 769 767 
3 768 767 766 
3 770 771 769 
3 770 769 768 
3 772 773 771 
3 772 771 770 
3 774 775 773 
3 774 773 772 
3 776 777 775 
3 776 775 774 
3 778 779 777 
3 778 777 776 
3 745 744 779 
3 745 779 778 
3 743 780 781 
3 743 781 744 
3 747 782 780 
3 747 780 743 
3 749 783 782 
3 749 782 747 
3 751 784 783 
3 751 783 749 
3 753 785 784 
3 753 784 751 
3 755 786 785 
3 755 785 753 
3 757 787 786 
3 757 786 755 
3 759 788 787 
3 759 787 757 
3 761 789 788 
3 761 788 759 
3 763 790 789 
3 763 789 761 
3 765 791 790 
3 765 790 763 
3 767 792 791 
3 767 791 765 
3 769 793 792 
3 769 792 767 
3 771 794 793 
3 771 793 769 
3 773 795 794 
3 773 794 771 
3 775 796 795 
3 775 795 773 
3 777 797 796 
3 777 796 775 
3 779 798 797 
3 779 797 777 
3 744 781 798 
3 744 798 779 
3 780 799 800 
3 780 800 781 
3 782 801 799 
3 782 799 780 
3 783 802 801 
3 783 801 782 
3 784 803 802 
3 784 802 783 
3 785 804 803 
3 785 803 784 
3 786 805 804 
3 786 804 785 
3 787 806 805 
3 787 805 786 
3 788 807 806 
3 788 806 787 
3 789 808 807 
3 789 807 788 
3 790 809 808 
3 790 808 789 
3 791 810 809 
3 791 809 790 
3 792 811 810 
3 792 810 791 
3 793 812 811 
3 793 811 792 
3 794 813 812 
3 794 812 793 
3 795 814 813 
3 795 813 794 
3 796 815 814 
3 796 814 795 
3 797 816 815 
3 797 815 796 
3 798 817 816 
3 798 816 797 
3 781 800 817 
3 781 817 798 
3 799 818 819 
3 799 819 800 
3 801 820 818 
3 801 818 799 
3 802 821 820 
3 802 820 801 
3 803 822 821 
3 803 821 802 
3 804 823 822 
3 804 822 803 
3 805 824 823 
3 805 823 804 
3 806 825 824 
3 806 824 805 
3 807 826 825 
3 807 825 806 
3 808 827 826 
3 808 826 807 
3 809 828 827 
3 809 827 808 
3 810 829 828 
3 810 828 809 
3 811 830 829 
3 811 829 810 
3 812 831 830 
3 812 830 811 
3 813 832 831 
3 813 831 812 
3 814 833 832 
3 814 832 813 
3 815 834 833 
3 815 833 814 
3 816 835 834 
3 816 834 815 
3 817 836 835 
3 817 835 816 
3 800 819 836 
3 800 836 817 
3 818 837 838 
3 818 838 819 
3 820 839 837 
3 820 837 818 
3 821 840 839 
3 821 839 820 
3 822 841 840 
3 822 840 821 
3 823 842 841 
3 823 841 822 
3 824 843 842 
3 824 842 823 
3 825 844 843 
3 825 843 824 
3 826 845 844 
3 826 844 825 
3 827 846 845 
3 827 845 826 
3 828 847 846 
3 828 846 827 
3 829 848 847 
3 829 847 828 
3 830 849 848 
3 830 848 829 
3 831 850 849 
3 831 849 830 
3 832 851 850 
3 832 850 831 
3 833 852 851 
3 833 851 832 
3 834 853 852 
3 834 852 833 
3 835 854 853 
3 835 853 834 
3 836 855 854 
3 836 854 835 
3 819 838 855 
3 819 855 836 
3 742 745 856 
3 746 742 856 
3 748 746 856 
3 750 748 856 
3 752 750 856 
3 754 752 856 
3 756 754 856 
3 758 756 856 
3 760 758 856 
3 762 760 856 
3 764 762 856 
3 766 764 856 
3 768 766 856 
3 770 768 856 
3 772 770 856 
3 774 772 856 
3 776 774 856 
3 778 776 856 
3 745 778 856 
3 857 838 837 
3 857 837 839 
3 857 839 840 
3 857 840 841 
3 857 841 842 
3 857 842 843 
3 857 843 844 
3 857 844 845 
3 857 845 846 
3 857 846 847 
3 857 847 848 
3 857 848 849 
3 857 849 850 
3 857 850 851 
3 857 851 852 
3 857 852 853 
3 857 853 854 
3 857 854 855 
3 857 855 838 
3 858 859 860 
3 858 860 861 
3 862 863 864 
3 862 864 865 
3 862 865 866 
3 862 866 867 
3 862 867 868 
3 869 870 871 
3 869 871 861 
3 872 873 870 
3 872 870 869 
3 874 875 873 
3 874 873 872 
3 876 877 875 
3 876 875 874 
3 878 879 877 
3 878 877 876 
3 880 881 879 
3 880 879 878 
3 860 882 881 
3 860 881 880 
3 859 883 882 
3 859 882 860 
3 858 884 883 
3 858 883 859 
3 861 871 884 
3 861 884 858 
3 870 885 886 
3 870 886 871 
3 873 887 885 
3 873 885 870 
3 875 888 887 
3 875 887 873 
3 877 889 888 
3 877 888 875 
3 879 890 889 
3 879 889 877 
3 881 891 890 
3 881 890 879 
3 882 892 891 
3 882 891 881 
3 883 893 892 
3 883 892 882 
3 884 894 893 
3 884 893 883 
3 871 886 894 
3 871 894 884 
3 885 895 896 
3 885 896 886 
3 887 897 895 
3 887 895 885 
3 888 898 897 
3 888 897 887 
3 889 899 898 
3 889 898 888 
3 890 900 899 
3 890 899 889 
3 891 901 900 
3 891 900 890 
3 892 902 901 
3 892 901 891 
3 893 903 902 
3 893 902 892 
3 894 904 903 
3 894 903 893 
3 886 896 904 
3 886 904 894 
3 895 905 906 
3 895 906 896 
3 897 907 905 
3 897 905 895 
3 898 908 907 
3 898 907 897 
3 899 909 908 
3 899 908 898 
3 900 910 909 
3 900 909 899 
3 901 911 910 
3 901 910 900 
3 902 912 911 
3 902 911 901 
3 903 913 912 
3 903 912 902 
3 904 914 913 
3 904 913 903 
3 896 906 914 
3 896 914 904 
3 905 915 916 
3 905 916 906 
3 907 917 915 
3 907 915 905 
3 908 918 917 
3 908 917 907 
3 909 919 918 
3 909 918 908 
3 910 920 919 
3 910 919 909 
3 911 921 920 
3 911 920 910 
3 912 922 921 
3 912 921 911 
3 913 923 922 
3 913 922 912 
3 914 924 923 
3 914 923 913 
3 906 916 924 
3 906 924 914 
3 915 925 926 
3 915 926 916 
3 917 927 925 
3 917 925 915 
3 918 928 927 
3 918 927 917 
3 919 866 928 
3 919 928 918 
3 920 929 866 
3 920 866 919 
3 921 930 929 
3 921 929 920 
3 922 931 930 
3 922 930 921 
3 923 932 931 
3 923 931 922 
3 924 933 932 
3 924 932 923 
3 916 926 933 
3 916 933 924 
3 925 863 862 
3 925 862 926 
3 927 864 863 
3 927 863 925 
3 928 865 864 
3 928 864 927 
3 866 865 928 
3 929 934 866 
3 930 935 934 
3 930 934 929 
3 931 936 935 
3 931 935 930 
3 932 867 936 
3 932 936 931 
3 933 868 867 
3 933 867 932 
3 926 862 868 
3 926 868 933 
3 860 880 869 
3 860 869 861 
3 880 878 876 
3 880 876 874 
3 880 874 872 
3 880 872 869 
3 866 934 935 
3 866 935 936 
3 866 936 867 
3 937 938 939 
3 940 937 939 
3 941 940 939 
3 942 941 939 
3 943 942 939 
3 944 943 939 
3 945 944 939 
3 946 945 939 
3 938 946 939 
3 947 948 949 
3 947 949 950 
3 951 952 953 
3 951 953 954 
3 950 955 952 
3 950 952 951 
3 949 956 955 
3 949 955 950 
3 948 957 956 
3 948 956 949 
3 958 959 957 
3 958 957 948 
3 960 961 959 
3 960 959 958 
3 962 963 961 
3 962 961 960 
3 964 965 963 
3 964 963 962 
3 954 953 965 
3 954 965 964 
3 952 966 967 
3 952 967 953 
3 955 968 966 
3 955 966 952 
3 956 969 968 
3 956 968 955 
3 957 970 969 
3 957 969 956 
3 959 971 970 
3 959 970 957 
3 961 972 971 
3 961 971 959 
3 963 973 972 
3 963 972 961 
3 965 974 973 
3 965 973 963 
3 953 967 974 
3 953 974 965 
3 966 975 976 
3 966 976 967 
3 968 977 975 
3 968 975 966 
3 969 978 977 
3 969 977 968 
3 970 979 978 
3 970 978 969 
3 971 980 979 
3 971 979 970 
3 972 981 980 
3 972 980 971 
3 973 982 981 
3 973 981 972 
3 974 983 982 
3 974 982 973 
3 967 976 983 
3 967 983 974 
3 975 984 985 
3 975 985 976 
3 977 986 984 
3 977 984 975 
3 978 987 986 
3 978 986 977 
3 979 988 987 
3 979 987 978 
3 980 989 988 
3 980 988 979 
3 981 990 989 
3 981 989 980 
3 982 991 990 
3 982 990 981 
3 983 992 991 
3 983 991 982 
3 976 985 992 
3 976 992 983 
3 984 993 994 
3 984 994 985 
3 986 995 993 
3 986 993 984 
3 987 996 995 
3 987 995 986 
3 988 997 996 
3 988 996 987 
3 989 998 997 
3 989 997 988 
3 990 999 998 
3 990 998 989 
3 991 1000 999 
3 991 999 990 
3 992 1001 1000 
3 992 1000 991 
3 985 994 1001 
3 985 1001 992 
3 993 945 946 
3 993 946 994 
3 995 944 945 
3 995 945 993 
3 996 943 944 
3 996 944 995 
3 997 942 943 
3 997 943 996 
3 998 941 942 
3 998 942 997 
3 999 940 941 
3 999 941 998 
3 1000 937 940 
3 1000 940 999 
3 1001 938 937 
3 1001 937 1000 
3 994 946 938 
3 994 938 1001 
3 948 947 960 
3 948 960 958 
3 960 947 954 
3 954 947 950 
3 954 950 951 
3 954 964 962 
3 954 962 960 
3 1002 1003 1004 
3 1002 1004 1005 
3 1006 1007 1008 
3 1006 1008 1009 
3 1010 1011 1007 
3 1010 1007 1006 
3 1012 1013 1011 
3 1012 1011 1010 
3 1014 1015 1013 
3 1014 1013 1012 
3 1016 1017 1014 
3 1018 1019 1017 
3 1018 1017 1016 
3 1020 1021 1019 
3 1020 1019 1018 
3 1022 1023 1021 
3 1022 1021 1020 
3 1024 1025 1023 
3 1024 1023 1022 
3 1026 1027 1028 
3 1026 1028 1029 
3 1030 1031 1027 
3 1030 1027 1026 
3 1032 1033 1031 
3 1032 1031 1030 
3 1034 1035 1033 
3 1034 1033 1032 
3 1036 1035 1034 
3 1037 1038 1039 
3 1037 1039 1036 
3 1040 1041 1038 
3 1040 1038 1037 
3 1042 1043 1041 
3 1042 1041 1040 
3 1044 1045 1043 
3 1044 1043 1042 
3 1009 1008 1045 
3 1009 1045 1044 
3 1007 1046 1047 
3 1007 1047 1008 
3 1011 1048 1046 
3 1011 1046 1007 
3 1013 1049 1048 
3 1013 1048 1011 
3 1015 1050 1049 
3 1015 1049 1013 
3 1017 1051 1050 
3 1017 1050 1015 
3 1019 1052 1051 
3 1019 1051 1017 
3 1021 1053 1052 
3 1021 1052 1019 
3 1023 1054 1053 
3 1023 1053 1021 
3 1025 1055 1054 
3 1025 1054 1023 
3 1056 1057 1055 
3 1056 1055 1025 
3 1058 1059 1057 
3 1058 1057 1056 
3 1028 1060 1059 
3 1028 1059 1058 
3 1027 1061 1060 
3 1027 1060 1028 
3 1031 1062 1061 
3 1031 1061 1027 
3 1033 1063 1062 
3 1033 1062 1031 
3 1035 1064 1063 
3 1035 1063 1033 
3 1039 1065 1064 
3 1039 1064 1035 
3 1038 1066 1065 
3 1038 1065 1039 
3 1041 1067 1066 
3 1041 1066 1038 
3 1043 1068 1067 
3 1043 1067 1041 
3 1045 1069 1068 
3 1045 1068 1043 
3 1008 1047 1069 
3 1008 1069 1045 
3 1046 1070 1071 
3 1046 1071 1047 
3 1048 1072 1070 
3 1048 1070 1046 
3 1049 1073 1072 
3 1049 1072 1048 
3 1050 1074 1073 
3 1050 1073 1049 
3 1051 1075 1074 
3 1051 1074 1050 
3 1052 1076 1075 
3 1052 1075 1051 
3 1053 1077 1076 
3 1053 1076 1052 
3 1054 1078 1077 
3 1054 1077 1053 
3 1055 1079 1078 
3 1055 1078 1054 
3 1057 1080 1079 
3 1057 1079 1055 
3 1059 1081 1057 
3 1060 1081 1059 
3 1061 1082 1083 
3 1061 1083 1060 
3 1062 1084 1082 
3 1062 1082 1061 
3 1063 1085 1084 
3 1063 1084 1062 
3 1064 1086 1085 
3 1064 1085 1063 
3 1065 1087 1086 
3 1065 1086 1064 
3 1066 1088 1087 
3 1066 1087 1065 
3 1067 1089 1088 
3 1067 1088 1066 
3 1068 1090 1089 
3 1068 1089 1067 
3 1069 1091 1090 
3 1069 1090 1068 
3 1047 1071 1091 
3 1047 1091 1069 
3 1070 1092 1093 
3 1070 1093 1071 
3 1072 1094 1092 
3 1072 1092 1070 
3 1073 1095 1094 
3 1073 1094 1072 
3 1074 1096 1095 
3 1074 1095 1073 
3 1075 1097 1096 
3 1075 1096 1074 
3 1076 1098 1097 
3 1076 1097 1075 
3 1077 1099 1098 
3 1077 1098 1076 
3 1078 1100 1099 
3 1078 1099 1077 
3 1079 1101 1100 
3 1079 1100 1078 
3 1080 1102 1101 
3 1080 1101 1079 
3 1081 1102 1080 
3 1083 1103 1104 
3 1083 1104 1081 
3 1082 1105 1103 
3 1082 1103 1083 
3 1084 1106 1105 
3 1084 1105 1082 
3 1085 1107 1106 
3 1085 1106 1084 
3 1086 1108 1107 
3 1086 1107 1085 
3 1087 1109 1108 
3 1087 1108 1086 
3 1088 1110 1109 
3 1088 1109 1087 
3 1089 1111 1110 
3 1089 1110 1088 
3 1090 1112 1111 
3 1090 1111 1089 
3 1091 1113 1112 
3 1091 1112 1090 
3 1071 1093 1113 
3 1071 1113 1091 
3 1092 1114 1115 
3 1092 1115 1093 
3 1094 1116 1114 
3 1094 1114 1092 
3 1095 1117 1116 
3 1095 1116 1094 
3 1096 1118 1117 
3 1096 1117 1095 
3 1097 1119 1118 
3 1097 1118 1096 
3 1098 1120 1119 
3 1098 1119 1097 
3 1099 1121 1120 
3 1099 1120 1098 
3 1100 1122 1121 
3 1100 1121 1099 
3 1101 1123 1122 
3 1101 1122 1100 
3 1102 1124 1123 
3 1102 1123 1101 
3 1104 1125 1124 
3 1104 1124 1102 
3 1103 1126 1125 
3 1103 1125 1104 
3 1105 1127 1126 
3 1105 1126 1103 
3 1106 1128 1127 
3 1106 1127 1105 
3 1107 1129 1128 
3 1107 1128 1106 
3 1108 1130 1129 
3 1108 1129 1107 
3 1109 1131 1130 
3 1109 1130 1108 
3 1110 1132 1131 
3 1110 1131 1109 
3 1111 1133 1132 
3 1111 1132 1110 
3 1112 1134 1133 
3 1112 1133 1111 
3 1113 1135 1134 
3 1113 1134 1112 
3 1093 1115 1135 
3 1093 1135 1113 
3 1114 1136 1137 
3 1114 1137 1115 
3 1116 1138 1136 
3 1116 1136 1114 
3 1117 1139 1138 
3 1117 1138 1116 
3 1118 1140 1139 
3 1118 1139 1117 
3 1119 1141 1140 
3 1119 1140 1118 
3 1120 1142 1141 
3 1120 1141 1119 
3 1121 1143 1142 
3 1121 1142 1120 
3 1122 1144 1143 
3 1122 1143 1121 
3 1123 1145 1144 
3 1123 1144 1122 
3 1124 1146 1145 
3 1124 1145 1123 
3 1125 1147 1146 
3 1125 1146 1124 
3 1126 1148 1147 
3 1126 1147 1125 
3 1127 1149 1148 
3 1127 1148 1126 
3 1128 1150 1149 
3 1128 1149 1127 
3 1129 1151 1150 
3 1129 1150 1128 
3 1130 1152 1151 
3 1130 1151 1129 
3 1131 1153 1152 
3 1131 1152 1130 
3 1132 1154 1153 
3 1132 1153 1131 
3 1133 1155 1154 
3 1133 1154 1132 
3 1134 1156 1155 
3 1134 1155 1133 
3 1135 1157 1156 
3 1135 1156 1134 
3 1115 1137 1157 
3 1115 1157 1135 
3 1136 1158 1159 
3 1136 1159 1137 
3 1138 1160 1158 
3 1138 1158 1136 
3 1139 1161 1160 
3 1139 1160 1138 
3 1140 1162 1161 
3 1140 1161 1139 
3 1141 1163 1162 
3 1141 1162 1140 
3 1142 1164 1163 
3 1142 1163 1141 
3 1143 1165 1164 
3 1143 1164 1142 
3 1144 1166 1165 
3 1144 1165 1143 
3 1145 1167 1166 
3 1145 1166 1144 
3 1146 1168 1167 
3 1146 1167 1145 
3 1147 1169 1168 
3 1147 1168 1146 
3 1148 1170 1169 
3 1148 1169 1147 
3 1149 1171 1170 
3 1149 1170 1148 
3 1150 1172 1171 
3 1150 1171 1149 
3 1151 1173 1172 
3 1151 1172 1150 
3 1152 1174 1173 
3 1152 1173 1151 
3 1153 1175 1174 
3 1153 1174 1152 
3 1154 1176 1175 
3 1154 1175 1153 
3 1155 1177 1176 
3 1155 1176 1154 
3 1156 1178 1177 
3 1156 1177 1155 
3 1157 1179 1178 
3 1157 1178 1156 
3 1137 1159 1179 
3 1137 1179 1157 
3 1158 1180 1181 
3 1158 1181 1159 
3 1160 1182 1180 
3 1160 1180 1158 
3 1161 1183 1182 
3 1161 1182 1160 
3 1162 1184 1183 
3 1162 1183 1161 
3 1163 1185 1184 
3 1163 1184 1162 
3 1164 1186 1185 
3 1164 1185 1163 
3 1165 1187 1186 
3 1165 1186 1164 
3 1166 1188 1187 
3 1166 1187 1165 
3 1167 1189 1188 
3 1167 1188 1166 
3 1168 1190 1189 
3 1168 1189 1167 
3 1169 1191 1190 
3 1169 1190 1168 
3 1170 1192 1191 
3 1170 1191 1169 
3 1171 1193 1192 
3 1171 1192 1170 
3 1172 1194 1193 
3 1172 1193 1171 
3 1173 1195 1194 
3 1173 1194 1172 
3 1174 1196 1195 
3 1174 1195 1173 
3 1175 1197 1196 
3 1175 1196 1174 
3 1176 1198 1197 
3 1176 1197 1175 
3 1177 1199 1198 
3 1177 1198 1176 
3 1178 1200 1199 
3 1178 1199 1177 
3 1179 1201 1200 
3 1179 1200 1178 
3 1159 1181 1201 
3 1159 1201 1179 
3 1180 1202 1203 
3 1180 1203 1181 
3 1182 1204 1202 
3 1182 1202 1180 
3 1183 1205 1204 
3 1183 1204 1182 
3 1184 1206 1205 
3 1184 1205 1183 
3 1185 1207 1206 
3 1185 1206 1184 
3 1186 1208 1207 
3 1186 1207 1185 
3 1187 1209 1208 
3 1187 1208 1186 
3 1188 1210 1209 
3 1188 1209 1187 
3 1189 1211 1210 
3 1189 1210 1188 
3 1190 1212 1211 
3 1190 1211 1189 
3 1191 1213 1212 
3 1191 1212 1190 
3 1192 1214 1213 
3 1192 1213 1191 
3 1193 1215 1214 
3 1193 1214 1192 
3 1194 1216 1215 
3 1194 1215 1193 
3 1195 1217 1216 
3 1195 1216 1194 
3 1196 1218 1217 
3 1196 1217 1195 
3 1197 1219 1218 
3 1197 1218 1196 
3 1198 1220 1219 
3 1198 1219 1197 
3 1199 1221 1220 
3 1199 1220 1198 
3 1200 1222 1221 
3 1200 1221 1199 
3 1201 1223 1222 
3 1201 1222 1200 
3 1181 1203 1223 
3 1181 1223 1201 
3 1202 1224 1225 
3 1202 1225 1203 
3 1204 1226 1224 
3 1204 1224 1202 
3 1205 1227 1226 
3 1205 1226 1204 
3 1206 1228 1227 
3 1206 1227 1205 
3 1207 1229 1228 
3 1207 1228 1206 
3 1208 1230 1229 
3 1208 1229 1207 
3 1209 1231 1230 
3 1209 1230 1208 
3 1210 1232 1231 
3 1210 1231 1209 
3 1211 1233 1232 
3 1211 1232 1210 
3 1212 1234 1233 
3 1212 1233 1211 
3 1213 1235 1234 
3 1213 1234 1212 
3 1214 1236 1235 
3 1214 1235 1213 
3 1215 1237 1236 
3 1215 1236 1214 
3 1216 1238 1237 
3 1216 1237 1215 
3 1217 1239 1238 
3 1217 1238 1216 
3 1218 1240 1239 
3 1218 1239 1217 
3 1219 1241 1240 
3 1219 1240 1218 
3 1220 1242 1241 
3 1220 1241 1219 
3 1221 1243 1242 
3 1221 1242 1220 
3 1222 1244 1243 
3 1222 1243 1221 
3 1223 1245 1244 
3 1223 1244 1222 
3 1203 1225 1245 
3 1203 1245 1223 
3 1224 1246 1247 
3 1224 1247 1225 
3 1226 1248 1246 
3 1226 1246 1224 
3 1227 1249 1248 
3 1227 1248 1226 
3 1228 1250 1249 
3 1228 1249 1227 
3 1229 1251 1250 
3 1229 1250 1228 
3 1230 1252 1251 
3 1230 1251 1229 
3 1231 1253 1252 
3 1231 1252 1230 
3 1232 1254 1253 
3 1232 1253 1231 
3 1233 1255 1254 
3 1233 1254 1232 
3 1234 1256 1255 
3 1234 1255 1233 
3 1235 1257 1256 
3 1235 1256 1234 
3 1236 1258 1257 
3 1236 1257 1235 
3 1237 1259 1258 
3 1237 1258 1236 
3 1238 1260 1259 
3 1238 1259 1237 
3 1239 1261 1260 
3 1239 1260 1238 
3 1240 1262 1261 
3 1240 1261 1239 
3 1241 1263 1262 
3 1241 1262 1240 
3 1242 1264 1263 
3 1242 1263 1241 
3 1243 1265 1264 
3 1243 1264 1242 
3 1244 1266 1265 
3 1244 1265 1243 
3 1245 1267 1266 
3 1245 1266 1244 
3 1225 1247 1267 
3 1225 1267 1245 
3 1268 1247 1246 
3 1268 1246 1248 
3 1268 1248 1249 
3 1268 1249 1250 
3 1268 1250 1251 
3 1268 1251 1252 
3 1268 1252 1253 
3 1268 1253 1254 
3 1268 1254 1255 
3 1268 1255 1256 
3 1268 1256 1257 
3 1268 1257 1258 
3 1268 1258 1259 
3 1268 1259 1260 
3 1268 1260 1261 
3 1268 1261 1262 
3 1268 1262 1263 
3 1268 1263 1264 
3 1268 1264 1265 
3 1268 1265 1266 
3 1268 1266 1267 
3 1268 1267 1247 
3 1269 1270 1271 
3 1269 1271 1272 
3 1270 1269 1273 
3 1270 1273 1274 
3 1271 1275 1272 
3 1276 1277 1272 
3 1276 1272 1275 
3 1277 1276 1278 
3 1277 1278 1279 
3 1277 1279 1280 
3 1280 1279 1281 
3 1280 1281 1282 
3 1282 1281 1283 
3 1283 1284 1003 
3 1283 1003 1282 
3 1003 1284 1285 
3 1003 1285 1004 
3 1286 1287 1005 
3 1286 1005 1004 
3 1273 1288 1289 
3 1273 1289 1274 
3 1288 1290 1289 
3 1289 1290 1002 
3 1289 1002 1291 
3 1291 1002 1292 
3 1287 1293 1005 
3 1293 1294 1005 
3 1005 1294 1292 
3 1005 1292 1002 
3 1285 1286 1004 
3 1285 1010 1006 
3 1285 1006 1286 
3 1006 1009 1287 
3 1006 1287 1286 
3 1287 1009 1044 
3 1287 1044 1042 
3 1287 1042 1293 
3 1294 1293 1042 
3 1294 1042 1040 
3 1294 1040 1037 
3 1294 1037 1036 
3 1294 1036 1034 
3 1294 1034 1032 
3 1294 1032 1292 
3 1291 1292 1032 
3 1291 1032 1030 
3 1291 1030 1026 
3 1291 1026 1289 
3 1289 1026 1029 
3 1289 1029 1274 
3 1274 1029 1295 
3 1274 1295 1296 
3 1274 1296 1270 
3 1028 1058 1295 
3 1028 1295 1029 
3 1296 1295 1058 
3 1296 1058 1056 
3 1056 1025 1024 
3 1056 1024 1296 
3 1296 1024 1271 
3 1296 1271 1270 
3 1271 1024 1022 
3 1271 1022 1275 
3 1275 1022 1020 
3 1275 1020 1276 
3 1276 1020 1018 
3 1276 1018 1278 
3 1278 1018 1016 
3 1278 1016 1279 
3 1016 1281 1279 
3 1281 1016 1014 
3 1281 1014 1283 
3 1283 1014 1012 
3 1283 1012 1284 
3 1284 1012 1010 
3 1284 1010 1285 
3 1288 1273 1269 
3 1288 1269 1272 
3 1288 1272 1277 
3 1288 1277 1280 
3 1002 1290 1288 
3 1002 1288 1280 
3 1002 1280 1282 
3 1002 1282 1003 
3 1081 1104 1102 
3 1081 1080 1057 
3 1060 1083 1081 
3 1017 1015 1014 
3 1036 1039 1035 
3 1297 1298 1299 
3 1297 1299 1300 
3 1301 1302 1298 
3 1301 1298 1297 
3 1303 1304 1302 
3 1303 1302 1301 
3 1305 1306 1304 
3 1305 1304 1303 
3 1307 1308 1306 
3 1307 1306 1305 
3 1309 1310 1308 
3 1309 1308 1307 
3 1311 1312 1310 
3 1311 1310 1309 
3 1313 1314 1312 
3 1313 1312 1311 
3 1315 1316 1314 
3 1315 1314 1313 
3 1317 1318 1316 
3 1317 1316 1315 
3 1319 1320 1318 
3 1319 1318 1317 
3 1321 1322 1320 
3 1321 1320 1319 
3 1323 1324 1322 
3 1323 1322 1321 
3 1325 1326 1324 
3 1325 1324 1323 
3 1327 1328 1326 
3 1327 1326 1325 
3 1329 1330 1328 
3 1329 1328 1327 
3 1331 1332 1330 
3 1331 1330 1329 
3 1300 1299 1332 
3 1300 1332 1331 
3 1298 1333 1334 
3 1298 1334 1299 
3 1302 1335 1333 
3 1302 1333 1298 
3 1304 1336 1335 
3 1304 1335 1302 
3 1306 1337 1336 
3 1306 1336 1304 
3 1308 1338 1337 
3 1308 1337 1306 
3 1310 1339 1338 
3 1310 1338 1308 
3 1312 1340 1339 
3 1312 1339 1310 
3 1314 1341 1340 
3 1314 1340 1312 
3 1316 1342 1341 
3 1316 1341 1314 
3 1318 1343 1342 
3 1318 1342 1316 
3 1320 1344 1343 
3 1320 1343 1318 
3 1322 1345 1344 
3 1322 1344 1320 
3 1324 1346 1345 
3 1324 1345 1322 
3 1326 1347 1346 
3 1326 1346 1324 
3 1328 1348 1347 
3 1328 1347 1326 
3 1330 1349 1348 
3 1330 1348 1328 
3 1332 1350 1349 
3 1332 1349 1330 
3 1299 1334 1350 
3 1299 1350 1332 
3 1333 1351 1352 
3 1333 1352 1334 
3 1335 1353 1351 
3 1335 1351 1333 
3 1336 1354 1353 
3 1336 1353 1335 
3 1337 1355 1354 
3 1337 1354 1336 
3 1338 1356 1355 
3 1338 1355 1337 
3 1339 1357 1356 
3 1339 1356 1338 
3 1340 1358 1357 
3 1340 1357 1339 
3 1341 1359 1358 
3 1341 1358 1340 
3 1342 1360 1359 
3 1342 1359 1341 
3 1343 1361 1360 
3 1343 1360 1342 
3 1344 1362 1361 
3 1344 1361 1343 
3 1345 1363 1362 
3 1345 1362 1344 
3 1346 1364 1363 
3 1346 1363 1345 
3 1347 1365 1364 
3 1347 1364 1346 
3 1348 1366 1365 
3 1348 1365 1347 
3 1349 1367 1366 
3 1349 1366 1348 
3 1350 1368 1367 
3 1350 1367 1349 
3 1334 1352 1368 
3 1334 1368 1350 
3 1351 1369 1370 
3 1351 1370 1352 
3 1353 1371 1369 
3 1353 1369 1351 
3 1354 1372 1371 
3 1354 1371 1353 
3 1355 1373 1372 
3 1355 1372 1354 
3 1356 1374 1373 
3 1356 1373 1355 
3 1357 1375 1374 
3 1357 1374 1356 
3 1358 1376 1375 
3 1358 1375 1357 
3 1359 1377 1376 
3 1359 1376 1358 
3 1360 1378 1377 
3 1360 1377 1359 
3 1361 1379 1378 
3 1361 1378 1360 
3 1362 1380 1379 
3 1362 1379 1361 
3 1363 1381 1380 
3 1363 1380 1362 
3 1364 1382 1381 
3 1364 1381 1363 
3 1365 1383 1382 
3 1365 1382 1364 
3 1366 1384 1383 
3 1366 1383 1365 
3 1367 1385 1384 
3 1367 1384 1366 
3 1368 1386 1385 
3 1368 1385 1367 
3 1352 1370 1386 
3 1352 1386 1368 
3 1369 1387 1388 
3 1369 1388 1370 
3 1371 1389 1387 
3 1371 1387 1369 
3 1372 1390 1389 
3 1372 1389 1371 
3 1373 1391 1390 
3 1373 1390 1372 
3 1374 1392 1391 
3 1374 1391 1373 
3 1375 1393 1392 
3 1375 1392 1374 
3 1376 1394 1393 
3 1376 1393 1375 
3 1377 1395 1394 
3 1377 1394 1376 
3 1378 1396 1395 
3 1378 1395 1377 
3 1379 1397 1396 
3 1379 1396 1378 
3 1380 1398 1397 
3 1380 1397 1379 
3 1381 1399 1398 
3 1381 1398 1380 
3 1382 1400 1399 
3 1382 1399 1381 
3 1383 1401 1400 
3 1383 1400 1382 
3 1384 1402 1401 
3 1384 1401 1383 
3 1385 1403 1402 
3 1385 1402 1384 
3 1386 1404 1403 
3 1386 1403 1385 
3 1370 1388 1404 
3 1370 1404 1386 
3 1387 1405 1406 
3 1387 1406 1388 
3 1389 1407 1405 
3 1389 1405 1387 
3 1390 1408 1407 
3 1390 1407 1389 
3 1391 1409 1408 
3 1391 1408 1390 
3 1392 1410 1409 
3 1392 1409 1391 
3 1393 1411 1410 
3 1393 1410 1392 
3 1394 1412 1411 
3 1394 1411 1393 
3 1395 1413 1412 
3 1395 1412 1394 
3 1396 1414 1413 
3 1396 1413 1395 
3 1397 1415 1414 
3 1397 1414 1396 
3 1398 1416 1415 
3 1398 1415 1397 
3 1399 1417 1416 
3 1399 1416 1398 
3 1400 1418 1417 
3 1400 1417 1399 
3 1401 1419 1418 
3 1401 1418 1400 
3 1402 1420 1419 
3 1402 1419 1401 
3 1403 1421 1420 
3 1403 1420 1402 
3 1404 1422 1421 
3 1404 1421 1403 
3 1388 1406 1422 
3 1388 1422 1404 
3 1405 1423 1424 
3 1405 1424 1406 
3 1407 1425 1423 
3 1407 1423 1405 
3 1408 1426 1425 
3 1408 1425 1407 
3 1409 1427 1426 
3 1409 1426 1408 
3 1410 1428 1427 
3 1410 1427 1409 
3 1411 1429 1428 
3 1411 1428 1410 
3 1412 1430 1429 
3 1412 1429 1411 
3 1413 1431 1430 
3 1413 1430 1412 
3 1414 1432 1431 
3 1414 1431 1413 
3 1415 1433 1432 
3 1415 1432 1414 
3 1416 1434 1433 
3 1416 1433 1415 
3 1417 1435 1434 
3 1417 1434 1416 
3 1418 1436 1435 
3 1418 1435 1417 
3 1419 1437 1436 
3 1419 1436 1418 
3 1420 1438 1437 
3 1420 1437 1419 
3 1421 1439 1438 
3 1421 1438 1420 
3 1422 1440 1439 
3 1422 1439 1421 
3 1406 1424 1440 
3 1406 1440 1422 
3 1423 1441 1442 
3 1423 1442 1424 
3 1425 1443 1441 
3 1425 1441 1423 
3 1426 1444 1443 
3 1426 1443 1425 
3 1427 1445 1444 
3 1427 1444 1426 
3 1428 1446 1445 
3 1428 1445 1427 
3 1429 1447 1446 
3 1429 1446 1428 
3 1430 1448 1447 
3 1430 1447 1429 
3 1431 1449 1448 
3 1431 1448 1430 
3 1432 1450 1449 
3 1432 1449 1431 
3 1433 1451 1450 
3 1433 1450 1432 
3 1434 1452 1451 
3 1434 1451 1433 
3 1435 1453 1452 
3 1435 1452 1434 
3 1436 1454 1453 
3 1436 1453 1435 
3 1437 1455 1454 
3 1437 1454 1436 
3 1438 1456 1455 
3 1438 1455 1437 
3 1439 1457 1456 
3 1439 1456 1438 
3 1440 1458 1457 
3 1440 1457 1439 
3 1424 1442 1458 
3 1424 1458 1440 
3 1441 1459 1460 
3 1441 1460 1442 
3 1443 1461 1459 
3 1443 1459 1441 
3 1444 1462 1461 
3 1444 1461 1443 
3 1445 1463 1462 
3 1445 1462 1444 
3 1446 1464 1463 
3 1446 1463 1445 
3 1447 1465 1464 
3 1447 1464 1446 
3 1448 1466 1465 
3 1448 1465 1447 
3 1449 1467 1466 
3 1449 1466 1448 
3 1450 1468 1467 
3 1450 1467 1449 
3 1451 1469 1468 
3 1451 1468 1450 
3 1452 1470 1469 
3 1452 1469 1451 
3 1453 1471 1470 
3 1453 1470 1452 
3 1454 1472 1471 
3 1454 1471 1453 
3 1455 1473 1472 
3 1455 1472 1454 
3 1456 1474 1473 
3 1456 1473 1455 
3 1457 1475 1474 
3 1457 1474 1456 
3 1458 1476 1475 
3 1458 1475 1457 
3 1442 1460 1476 
3 1442 1476 1458 
3 1297 1300 1477 
3 1301 1297 1477 
3 1303 1301 1477 
3 1305 1303 1477 
3 1307 1305 1477 
3 1309 1307 1477 
3 1311 1309 1477 
3 1313 1311 1477 
3 1315 1313 1477 
3 1317 1315 1477 
3 1319 1317 1477 
3 1321 1319 1477 
3 1323 1321 1477 
3 1325 1323 1477 
3 1327 1325 1477 
3 1329 1327 1477 
3 1331 1329 1477 
3 1300 1331 1477 
3 1478 1460 1459 
3 1478 1459 1461 
3 1478 1461 1462 
3 1478 1462 1463 
3 1478 1463 1464 
3 1478 1464 1465 
3 1478 1465 1466 
3 1478 1466 1467 
3 1478 1467 1468 
3 1478 1468 1469 
3 1478 1469 1470 
3 1478 1470 1471 
3 1478 1471 1472 
3 1478 1472 1473 
3 1478 1473 1474 
3 1478 1474 1475 
3 1478 1475 1476 
3 1478 1476 1460 
3 1479 1480 1481 
3 1479 1481 1482 
3 1483 1484 1480 
3 1483 1480 1479 
3 1485 1486 1484 
3 1485 1484 1483 
3 1487 1488 1486 
3 1487 1486 1485 
3 1489 1490 1488 
3 1489 1488 1487 
3 1491 1492 1490 
3 1491 1490 1489 
3 1493 1494 1492 
3 1493 1492 1491 
3 1495 1496 1494 
3 1495 1494 1493 
3 1497 1498 1496 
3 1497 1496 1495 
3 1499 1500 1498 
3 1499 1498 1497 
3 1501 1502 1500 
3 1501 1500 1499 
3 1503 1504 1502 
3 1503 1502 1501 
3 1505 1506 1504 
3 1505 1504 1503 
3 1507 1508 1506 
3 1507 1506 1505 
3 1509 1510 1508 
3 1509 1508 1507 
3 1511 1512 1510 
3 1511 1510 1509 
3 1513 1514 1512 
3 1513 1512 1511 
3 1515 1516 1514 
3 1515 1514 1513 
3 1517 1518 1516 
3 1517 1516 1515 
3 1519 1520 1518 
3 1519 1518 1517 
3 1521 1522 1520 
3 1521 1520 1519 
3 1523 1524 1522 
3 1523 1522 1521 
3 1482 1481 1524 
3 1482 1524 1523 
3 1480 1525 1526 
3 1480 1526 1481 
3 1484 1527 1525 
3 1484 1525 1480 
3 1486 1528 1527 
3 1486 1527 1484 
3 1488 1529 1528 
3 1488 1528 1486 
3 1490 1530 1529 
3 1490 1529 1488 
3 1492 1531 1530 
3 1492 1530 1490 
3 1494 1532 1531 
3 1494 1531 1492 
3 1496 1533 1532 
3 1496 1532 1494 
3 1498 1534 1533 
3 1498 1533 1496 
3 1500 1535 1534 
3 1500 1534 1498 
3 1502 1536 1535 
3 1502 1535 1500 
3 1504 1537 1536 
3 1504 1536 1502 
3 1506 1538 1537 
3 1506 1537 1504 
3 1508 1539 1538 
3 1508 1538 1506 
3 1510 1540 1539 
3 1510 1539 1508 
3 1512 1541 1540 
3 1512 1540 1510 
3 1514 1542 1541 
3 1514 1541 1512 
3 1516 1543 1542 
3 1516 1542 1514 
3 1518 1544 1543 
3 1518 1543 1516 
3 1520 1545 1544 
3 1520 1544 1518 
3 1522 1546 1545 
3 1522 1545 1520 
3 1524 1547 1546 
3 1524 1546 1522 
3 1481 1526 1547 
3 1481 1547 1524 
3 1525 1548 1549 
3 1525 1549 1526 
3 1527 1550 1548 
3 1527 1548 1525 
3 1528 1551 1550 
3 1528 1550 1527 
3 1529 1552 1551 
3 1529 1551 1528 
3 1530 1553 1552 
3 1530 1552 1529 
3 1531 1554 1553 
3 1531 1553 1530 
3 1532 1555 1554 
3 1532 1554 1531 
3 1533 1556 1555 
3 1533 1555 1532 
3 1534 1557 1556 
3 1534 1556 1533 
3 1535 1558 1557 
3 1535 1557 1534 
3 1536 1559 1558 
3 1536 1558 1535 
3 1537 1560 1559 
3 1537 1559 1536 
3 1538 1561 1560 
3 1538 1560 1537 
3 1539 1562 1561 
3 1539 1561 1538 
3 1540 1563 1562 
3 1540 1562 1539 
3 1541 1564 1563 
3 1541 1563 1540 
3 1542 1565 1564 
3 1542 1564 1541 
3 1543 1566 1565 
3 1543 1565 1542 
3 1544 1567 1566 
3 1544 1566 1543 
3 1545 1568 1567 
3 1545 1567 1544 
3 1546 1569 1568 
3 1546 1568 1545 
3 1547 1570 1569 
3 1547 1569 1546 
3 1526 1549 1570 
3 1526 1570 1547 
3 1548 1571 1572 
3 1548 1572 1549 
3 1550 1573 1571 
3 1550 1571 1548 
3 1551 1574 1573 
3 1551 1573 1550 
3 1552 1575 1574 
3 1552 1574 1551 
3 1553 1576 1575 
3 1553 1575 1552 
3 1554 1577 1576 
3 1554 1576 1553 
3 1555 1578 1577 
3 1555 1577 1554 
3 1556 1579 1578 
3 1556 1578 1555 
3 1557 1580 1579 
3 1557 1579 1556 
3 1558 1581 1580 
3 1558 1580 1557 
3 1559 1582 1581 
3 1559 1581 1558 
3 1560 1583 1582 
3 1560 1582 1559 
3 1561 1584 1583 
3 1561 1583 1560 
3 1562 1585 1584 
3 1562 1584 1561 
3 1563 1586 1585 
3 1563 1585 1562 
3 1564 1587 1586 
3 1564 1586 1563 
3 1565 1588 1587 
3 1565 1587 1564 
3 1566 1589 1588 
3 1566 1588 1565 
3 1567 1590 1589 
3 1567 1589 1566 
3 1568 1591 1590 
3 1568 1590 1567 
3 1569 1592 1591 
3 1569 1591 1568 
3 1570 1593 1592 
3 1570 1592 1569 
3 1549 1572 1593 
3 1549 1593 1570 
3 1571 1594 1595 
3 1571 1595 1572 
3 1573 1596 1594 
3 1573 1594 1571 
3 1574 1597 1596 
3 1574 1596 1573 
3 1575 1598 1597 
3 1575 1597 1574 
3 1576 1599 1598 
3 1576 1598 1575 
3 1577 1600 1599 
3 1577 1599 1576 
3 1578 1601 1600 
3 1578 1600 1577 
3 1579 1602 1601 
3 1579 1601 1578 
3 1580 1603 1602 
3 1580 1602 1579 
3 1581 1604 1603 
3 1581 1603 1580 
3 1582 1605 1604 
3 1582 1604 1581 
3 1583 1606 1605 
3 1583 1605 1582 
3 1584 1607 1606 
3 1584 1606 1583 
3 1585 1608 1607 
3 1585 1607 1584 
3 1586 1609 1608 
3 1586 1608 1585 
3 1587 1610 1609 
3 1587 1609 1586 
3 1588 1611 1610 
3 1588 1610 1587 
3 1589 1612 1611 
3 1589 1611 1588 
3 1590 1613 1612 
3 1590 1612 1589 
3 1591 1614 1613 
3 1591 1613 1590 
3 1592 1615 1614 
3 1592 1614 1591 
3 1593 1616 1615 
3 1593 1615 1592 
3 1572 1595 1616 
3 1572 1616 1593 
3 1594 1617 1618 
3 1594 1618 1595 
3 1596 1619 1617 
3 1596 1617 1594 
3 1597 1620 1619 
3 1597 1619 1596 
3 1598 1621 1620 
3 1598 1620 1597 
3 1599 1622 1621 
3 1599 1621 1598 
3 1600 1623 1622 
3 1600 1622 1599 
3 1601 1624 1623 
3 1601 1623 1600 
3 1602 1625 1624 
3 1602 1624 1601 
3 1603 1626 1625 
3 1603 1625 1602 
3 1604 1627 1626 
3 1604 1626 1603 
3 1605 1628 1627 
3 1605 1627 1604 
3 1606 1629 1628 
3 1606 1628 1605 
3 1607 1630 1629 
3 1607 1629 1606 
3 1608 1631 1630 
3 1608 1630 1607 
3 1609 1632 1631 
3 1609 1631 1608 
3 1610 1633 1632 
3 1610 1632 1609 
3 1611 1634 1633 
3 1611 1633 1610 
3 1612 1635 1634 
3 1612 1634 1611 
3 1613 1636 1635 
3 1613 1635 1612 
3 1614 1637 1636 
3 1614 1636 1613 
3 1615 1638 1637 
3 1615 1637 1614 
3 1616 1639 1638 
3 1616 1638 1615 
3 1595 1618 1639 
3 1595 1639 1616 
3 1617 1640 1641 
3 1617 1641 1618 
3 1619 1642 1640 
3 1619 1640 1617 
3 1620 1643 1642 
3 1620 1642 1619 
3 1621 1644 1643 
3 1621 1643 1620 
3 1622 1645 1644 
3 1622 1644 1621 
3 1623 1646 1645 
3 1623 1645 1622 
3 1624 1647 1646 
3 1624 1646 1623 
3 1625 1648 1647 
3 1625 1647 1624 
3 1626 1649 1648 
3 1626 1648 1625 
3 1627 1650 1649 
3 1627 1649 1626 
3 1628 1651 1650 
3 1628 1650 1627 
3 1629 1652 1651 
3 1629 1651 1628 
3 1630 1653 1652 
3 1630 1652 1629 
3 1631 1654 1653 
3 1631 1653 1630 
3 1632 1655 1654 
3 1632 1654 1631 
3 1633 1656 1655 
3 1633 1655 1632 
3 1634 1657 1656 
3 1634 1656 1633 
3 1635 1658 1657 
3 1635 1657 1634 
3 1636 1659 1658 
3 1636 1658 1635 
3 1637 1660 1659 
3 1637 1659 1636 
3 1638 1661 1660 
3 1638 1660 1637 
3 1639 1662 1661 
3 1639 1661 1638 
3 1618 1641 1662 
3 1618 1662 1639 
3 1640 1663 1664 
3 1640 1664 1641 
3 1642 1665 1663 
3 1642 1663 1640 
3 1643 1666 1665 
3 1643 1665 1642 
3 1644 1667 1666 
3 1644 1666 1643 
3 1645 1668 1667 
3 1645 1667 1644 
3 1646 1669 1668 
3 1646 1668 1645 
3 1647 1670 1669 
3 1647 1669 1646 
3 1648 1671 1670 
3 1648 1670 1647 
3 1649 1672 1671 
3 1649 1671 1648 
3 1650 1673 1672 
3 1650 1672 1649 
3 1651 1674 1673 
3 1651 1673 1650 
3 1652 1675 1674 
3 1652 1674 1651 
3 1653 1676 1675 
3 1653 1675 1652 
3 1654 1677 1676 
3 1654 1676 1653 
3 1655 1678 1677 
3 1655 1677 1654 
3 1656 1679 1678 
3 1656 1678 1655 
3 1657 1680 1679 
3 1657 1679 1656 
3 1658 1681 1680 
3 1658 1680 1657 
3 1659 1682 1681 
3 1659 1681 1658 
3 1660 1683 1682 
3 1660 1682 1659 
3 1661 1684 1683 
3 1661 1683 1660 
3 1662 1685 1684 
3 1662 1684 1661 
3 1641 1664 1685 
3 1641 1685 1662 
3 1663 1686 1687 
3 1663 1687 1664 
3 1665 1688 1686 
3 1665 1686 1663 
3 1666 1689 1688 
3 1666 1688 1665 
3 1667 1690 1689 
3 1667 1689 1666 
3 1668 1691 1690 
3 1668 1690 1667 
3 1669 1692 1691 
3 1669 1691 1668 
3 1670 1693 1692 
3 1670 1692 1669 
3 1671 1694 1693 
3 1671 1693 1670 
3 1672 1695 1694 
3 1672 1694 1671 
3 1673 1696 1695 
3 1673 1695 1672 
3 1674 1697 1696 
3 1674 1696 1673 
3 1675 1698 1697 
3 1675 1697 1674 
3 1676 1699 1698 
3 1676 1698 1675 
3 1677 1700 1699 
3 1677 1699 1676 
3 1678 1701 1700 
3 1678 1700 1677 
3 1679 1702 1701 
3 1679 1701 1678 
3 1680 1703 1702 
3 1680 1702 1679 
3 1681 1704 1703 
3 1681 1703 1680 
3 1682 1705 1704 
3 1682 1704 1681 
3 1683 1706 1705 
3 1683 1705 1682 
3 1684 1707 1706 
3 1684 1706 1683 
3 1685 1708 1707 
3 1685 1707 1684 
3 1664 1687 1708 
3 1664 1708 1685 
3 1686 1709 1710 
3 1686 1710 1687 
3 1688 1711 1709 
3 1688 1709 1686 
3 1689 1712 1711 
3 1689 1711 1688 
3 1690 1713 1712 
3 1690 1712 1689 
3 1691 1714 1713 
3 1691 1713 1690 
3 1692 1715 1714 
3 1692 1714 1691 
3 1693 1716 1715 
3 1693 1715 1692 
3 1694 1717 1716 
3 1694 1716 1693 
3 1695 1718 1717 
3 1695 1717 1694 
3 1696 1719 1718 
3 1696 1718 1695 
3 1697 1720 1719 
3 1697 1719 1696 
3 1698 1721 1720 
3 1698 1720 1697 
3 1699 1722 1721 
3 1699 1721 1698 
3 1700 1723 1722 
3 1700 1722 1699 
3 1701 1724 1723 
3 1701 1723 1700 
3 1702 1725 1724 
3 1702 1724 1701 
3 1703 1726 1725 
3 1703 1725 1702 
3 1704 1727 1726 
3 1704 1726 1703 
3 1705 1728 1727 
3 1705 1727 1704 
3 1706 1729 1728 
3 1706 1728 1705 
3 1707 1730 1729 
3 1707 1729 1706 
3 1708 1731 1730 
3 1708 1730 1707 
3 1687 1710 1731 
3 1687 1731 1708 
3 1709 1732 1733 
3 1709 1733 1710 
3 1711 1734 1732 
3 1711 1732 1709 
3 1712 1735 1734 
3 1712 1734 1711 
3 1713 1736 1735 
3 1713 1735 1712 
3 1714 1737 1736 
3 1714 1736 1713 
3 1715 1738 1737 
3 1715 1737 1714 
3 1716 1739 1738 
3 1716 1738 1715 
3 1717 1740 1739 
3 1717 1739 1716 
3 1718 1741 1740 
3 1718 1740 1717 
3 1719 1742 1741 
3 1719 1741 1718 
3 1720 1743 1742 
3 1720 1742 1719 
3 1721 1744 1743 
3 1721 1743 1720 
3 1722 1745 1744 
3 1722 1744 1721 
3 1723 1746 1745 
3 1723 1745 1722 
3 1724 1747 1746 
3 1724 1746 1723 
3 1725 1748 1747 
3 1725 1747 1724 
3 1726 1749 1748 
3 1726 1748 1725 
3 1727 1750 1749 
3 1727 1749 1726 
3 1728 1751 1750 
3 1728 1750 1727 
3 1729 1752 1751 
3 1729 1751 1728 
3 1730 1753 1752 
3 1730 1752 1729 
3 1731 1754 1753 
3 1731 1753 1730 
3 1710 1733 1754 
3 1710 1754 1731 
3 1732 1755 1756 
3 1732 1756 1733 
3 1734 1757 1755 
3 1734 1755 1732 
3 1735 1758 1757 
3 1735 1757 1734 
3 1736 1759 1758 
3 1736 1758 1735 
3 1737 1760 1759 
3 1737 1759 1736 
3 1738 1761 1760 
3 1738 1760 1737 
3 1739 1762 1761 
3 1739 1761 1738 
3 1740 1763 1762 
3 1740 1762 1739 
3 1741 1764 1763 
3 1741 1763 1740 
3 1742 1765 1764 
3 1742 1764 1741 
3 1743 1766 1765 
3 1743 1765 1742 
3 1744 1767 1766 
3 1744 1766 1743 
3 1745 1768 1767 
3 1745 1767 1744 
3 1746 1769 1768 
3 1746 1768 1745 
3 1747 1770 1769 
3 1747 1769 1746 
3 1748 1771 1770 
3 1748 1770 1747 
3 1749 1772 1771 
3 1749 1771 1748 
3 1750 1773 1772 
3 1750 1772 1749 
3 1751 1774 1773 
3 1751 1773 1750 
3 1752 1775 1774 
3 1752 1774 1751 
3 1753 1776 1775 
3 1753 1775 1752 
3 1754 1777 1776 
3 1754 1776 1753 
3 1733 1756 1777 
3 1733 1777 1754 
3 1778 1756 1755 
3 1778 1755 1757 
3 1778 1757 1758 
3 1778 1758 1759 
3 1778 1759 1760 
3 1778 1760 1761 
3 1778 1761 1762 
3 1778 1762 1763 
3 1778 1763 1764 
3 1778 1764 1765 
3 1778 1765 1766 
3 1778 1766 1767 
3 1778 1767 1768 
3 1778 1768 1769 
3 1778 1769 1770 
3 1778 1770 1771 
3 1778 1771 1772 
3 1778 1772 1773 
3 1778 1773 1774 
3 1778 1774 1775 
3 1778 1775 1776 
3 1778 1776 1777 
3 1778 1777 1756 
3 1479 1482 1779 
3 1483 1479 1779 
3 1485 1483 1779 
3 1487 1485 1779 
3 1489 1487 1779 
3 1491 1489 1779 
3 1493 1491 1779 
3 1495 1493 1779 
3 1497 1495 1779 
3 1499 1497 1779 
3 1501 1499 1779 
3 1503 1501 1779 
3 1505 1503 1779 
3 1507 1505 1779 
3 1509 1507 1779 
3 1511 1509 1779 
3 1513 1511 1779 
3 1515 1513 1779 
3 1517 1515 1779 
3 1519 1517 1779 
3 1521 1519 1779 
3 1523 1521 1779 
3 1482 1523 1779 
3 1780 1781 1782 
3 1780 1782 1783 
3 1780 1783 1784 
3 1780 1784 1785 
3 1783 1782 1786 
3 1786 1787 1783 
3 1787 1788 1784 
3 1787 1784 1783 
3 1789 1788 1787 
3 1790 1786 1782 
3 1790 1782 1791 
3 1790 1791 1792 
3 1781 1791 1782 
3 1793 1792 1791 
3 1794 1790 1792 
3 1794 1792 1793 
3 1794 1793 1795 
3 1794 1795 1796 
3 1790 1794 1797 
3 1798 1790 1797 
3 1799 1798 1797 
3 1800 1799 1797 
3 1801 1800 1797 
3 1796 1801 1797 
3 1794 1796 1797 
3 1802 1790 1798 
3 1786 1802 1798 
3 1790 1802 1786 
3 1799 1801 1803 
3 1801 1796 1795 
3 1801 1795 1804 
3 1805 1804 1795 
3 1805 1795 1793 
3 1793 1806 1805 
3 1807 1808 1809 
3 1807 1809 1810 
3 1811 1785 1784 
3 1811 1784 1809 
3 1811 1809 1808 
3 1780 1785 1811 
3 1812 1813 1810 
3 1812 1810 1809 
3 1812 1788 1814 
3 1812 1814 1813 
3 1789 1787 1815 
3 1789 1815 1814 
3 1810 1813 1816 
3 1814 1817 1813 
3 1814 1815 1818 
3 1814 1818 1817 
3 1813 1817 1818 
3 1813 1818 1816 
3 1791 1811 1808 
3 1791 1808 1793 
3 1807 1806 1793 
3 1807 1793 1808 
3 1812 1809 1784 
3 1788 1812 1784 
3 1788 1789 1814 
3 1818 1803 1801 
3 1818 1801 1804 
3 1818 1804 1816 
3 1816 1805 1810 
3 1816 1804 1805 
3 1787 1786 1798 
3 1787 1798 1815 
3 1815 1798 1799 
3 1815 1799 1803 
3 1815 1803 1818 
3 1791 1781 1780 
3 1791 1780 1811 
3 1805 1806 1807 
3 1805 1807 1810 
3 1799 1800 1801 
3 1819 1820 1821 
3 1819 1821 1822 
3 1823 1824 1820 
3 1823 1820 1825 
3 1824 1821 1820 
3 1826 1821 1824 
3 1825 1820 1819 
3 1825 1819 1827 
3 1821 1828 1829 
3 1821 1829 1822 
3 1822 1829 1830 
3 1822 1830 1819 
3 1823 1831 1832 
3 1823 1832 1824 
3 1825 1833 1831 
3 1825 1831 1823 
3 1826 1834 1828 
3 1826 1828 1821 
3 1819 1830 1835 
3 1819 1835 1827 
3 1827 1835 1833 
3 1827 1833 1825 
3 1836 1837 1838 
3 1836 1838 1839 
3 1828 1837 1836 
3 1828 1836 1829 
3 1829 1836 1839 
3 1829 1839 1830 
3 1840 1838 1841 
3 1840 1841 1842 
3 1831 1842 1841 
3 1831 1841 1832 
3 1833 1840 1842 
3 1833 1842 1831 
3 1838 1837 1841 
3 1841 1837 1843 
3 1834 1843 1837 
3 1834 1837 1828 
3 1844 1839 1838 
3 1844 1838 1840 
3 1830 1839 1844 
3 1830 1844 1835 
3 1835 1844 1840 
3 1835 1840 1833 
3 1826 1824 1832 
3 1826 1832 1834 
3 1832 1841 1843 
3 1832 1843 1834 
3 1845 1846 1847 
3 1845 1847 1848 
3 1849 1850 1851 
3 1852 1853 1854 
3 1852 1854 1848 
3 1855 1856 1853 
3 1855 1853 1852 
3 1857 1858 1856 
3 1857 1856 1855 
3 1859 1860 1858 
3 1859 1858 1857 
3 1861 1862 1860 
3 1861 1860 1859 
3 1863 1864 1862 
3 1863 1862 1861 
3 1847 1865 1864 
3 1847 1864 1863 
3 1846 1866 1865 
3 1846 1865 1847 
3 1867 1868 1866 
3 1867 1866 1846 
3 1869 1870 1868 
3 1869 1868 1867 
3 1871 1872 1870 
3 1871 1870 1869 
3 1873 1874 1872 
3 1873 1872 1871 
3 1875 1876 1874 
3 1875 1874 1873 
3 1877 1878 1876 
3 1877 1876 1875 
3 1879 1880 1878 
3 1879 1878 1877 
3 1881 1882 1880 
3 1881 1880 1879 
3 1845 1883 1882 
3 1845 1882 1881 
3 1848 1854 1883 
3 1848 1883 1845 
3 1853 1884 1885 
3 1853 1885 1854 
3 1856 1886 1884 
3 1856 1884 1853 
3 1858 1887 1886 
3 1858 1886 1856 
3 1860 1888 1887 
3 1860 1887 1858 
3 1862 1889 1888 
3 1862 1888 1860 
3 1864 1890 1889 
3 1864 1889 1862 
3 1865 1891 1890 
3 1865 1890 1864 
3 1866 1892 1891 
3 1866 1891 1865 
3 1868 1893 1892 
3 1868 1892 1866 
3 1870 1894 1893 
3 1870 1893 1868 
3 1872 1895 1894 
3 1872 1894 1870 
3 1874 1896 1895 
3 1874 1895 1872 
3 1876 1897 1896 
3 1876 1896 1874 
3 1878 1898 1897 
3 1878 1897 1876 
3 1880 1899 1898 
3 1880 1898 1878 
3 1882 1900 1899 
3 1882 1899 1880 
3 1883 1901 1900 
3 1883 1900 1882 
3 1854 1885 1901 
3 1854 1901 1883 
3 1884 1902 1903 
3 1884 1903 1885 
3 1886 1904 1902 
3 1886 1902 1884 
3 1887 1905 1904 
3 1887 1904 1886 
3 1888 1906 1905 
3 1888 1905 1887 
3 1889 1907 1906 
3 1889 1906 1888 
3 1890 1908 1907 
3 1890 1907 1889 
3 1891 1909 1908 
3 1891 1908 1890 
3 1892 1910 1909 
3 1892 1909 1891 
3 1893 1911 1910 
3 1893 1910 1892 
3 1894 1912 1911 
3 1894 1911 1893 
3 1895 1913 1912 
3 1895 1912 1894 
3 1896 1914 1913 
3 1896 1913 1895 
3 1897 1915 1914 
3 1897 1914 1896 
3 1898 1916 1915 
3 1898 1915 1897 
3 1899 1917 1916 
3 1899 1916 1898 
3 1900 1918 1917 
3 1900 1917 1899 
3 1901 1919 1918 
3 1901 1918 1900 
3 1885 1903 1919 
3 1885 1919 1901 
3 1902 1920 1921 
3 1902 1921 1903 
3 1904 1922 1920 
3 1904 1920 1902 
3 1905 1923 1922 
3 1905 1922 1904 
3 1906 1924 1923 
3 1906 1923 1905 
3 1907 1925 1924 
3 1907 1924 1906 
3 1908 1926 1925 
3 1908 1925 1907 
3 1909 1927 1926 
3 1909 1926 1908 
3 1910 1928 1927 
3 1910 1927 1909 
3 1911 1929 1928 
3 1911 1928 1910 
3 1912 1930 1929 
3 1912 1929 1911 
3 1913 1931 1930 
3 1913 1930 1912 
3 1914 1932 1931 
3 1914 1931 1913 
3 1915 1933 1932 
3 1915 1932 1914 
3 1916 1934 1933 
3 1916 1933 1915 
3 1917 1935 1934 
3 1917 1934 1916 
3 1918 1936 1935 
3 1918 1935 1917 
3 1919 1937 1936 
3 1919 1936 1918 
3 1903 1921 1937 
3 1903 1937 1919 
3 1920 1938 1849 
3 1920 1849 1921 
3 1922 1939 1938 
3 1922 1938 1920 
3 1923 1940 1939 
3 1923 1939 1922 
3 1924 1941 1940 
3 1924 1940 1923 
3 1925 1850 1941 
3 1925 1941 1924 
3 1926 1942 1850 
3 1926 1850 1925 
3 1927 1943 1942 
3 1927 1942 1926 
3 1928 1944 1943 
3 1928 1943 1927 
3 1929 1945 1944 
3 1929 1944 1928 
3 1930 1946 1945 
3 1930 1945 1929 
3 1931 1947 1946 
3 1931 1946 1930 
3 1932 1948 1947 
3 1932 1947 1931 
3 1933 1949 1948 
3 1933 1948 1932 
3 1934 1950 1949 
3 1934 1949 1933 
3 1935 1951 1950 
3 1935 1950 1934 
3 1936 1952 1951 
3 1936 1951 1935 
3 1937 1851 1952 
3 1937 1952 1936 
3 1921 1849 1851 
3 1921 1851 1937 
3 1946 1947 1948 
3 1946 1948 1949 
3 1946 1949 1950 
3 1945 1946 1950 
3 1944 1945 1950 
3 1944 1950 1951 
3 1943 1944 1952 
3 1942 1943 1952 
3 1942 1952 1851 
3 1850 1942 1851 
3 1938 1939 1940 
3 1938 1940 1941 
3 1849 1938 1850 
3 1938 1941 1850 
3 1944 1951 1952 
3 1875 1873 1871 
3 1877 1875 1871 
3 1877 1871 1869 
3 1879 1877 1869 
3 1881 1879 1869 
3 1881 1869 1867 
3 1859 1857 1855 
3 1859 1855 1852 
3 1861 1859 1852 
3 1861 1852 1848 
3 1863 1861 1848 
3 1845 1881 1867 
3 1845 1867 1846 
3 1847 1863 1848 
3 1953 1954 1955 
3 1953 1956 1954 
3 1957 1958 1953 
3 1957 1953 1959 
3 1960 1961 1962 
3 1960 1962 1963 
3 1961 1964 1965 
3 1961 1965 1966 
3 1967 1968 1960 
3 1967 1960 1969 
3 1967 1969 1970 
3 1967 1970 1971 
3 1967 1971 1972 
3 1973 1974 1975 
3 1976 1977 1978 
3 1976 1978 1979 
3 1980 1981 1982 
3 1980 1982 1983 
3 1957 1963 1962 
3 1957 1962 1958 
3 1955 1959 1953 
3 1955 1984 1959 
3 1984 1955 1985 
3 1985 1955 1954 
3 1985 1954 1986 
3 1954 1956 1973 
3 1954 1973 1987 
3 1974 1973 1956 
3 1986 1954 1987 
3 1988 1985 1986 
3 1988 1986 1989 
3 1989 1971 1970 
3 1989 1970 1988 
3 1988 1970 1969 
3 1972 1971 1990 
3 1989 1991 1990 
3 1991 1989 1986 
3 1986 1987 1991 
3 1991 1987 1990 
3 1990 1987 1975 
3 1975 1987 1973 
3 1962 1961 1966 
3 1962 1966 1958 
3 1958 1966 1953 
3 1965 1974 1956 
3 1967 1964 1968 
3 1968 1961 1960 
3 1953 1966 1956 
3 1956 1966 1965 
3 1988 1969 1960 
3 1988 1960 1963 
3 1988 1963 1957 
3 1988 1957 1985 
3 1985 1957 1959 
3 1985 1959 1984 
3 1992 1980 1983 
3 1992 1983 1979 
3 1978 1992 1979 
3 1993 1994 1992 
3 1993 1992 1978 
3 1995 1996 1981 
3 1995 1994 1993 
3 1993 1997 1998 
3 1993 1998 1995 
3 1982 1981 1996 
3 1982 1996 1999 
3 1996 1995 1998 
3 1996 1998 1999 
3 1997 1993 1978 
3 1997 1978 1977 
3 2000 1997 1977 
3 2000 2001 1998 
3 2000 1998 1997 
3 2001 2000 2002 
3 2002 2000 1977 
3 2002 1977 1976 
3 2002 1976 1979 
3 1999 2003 2004 
3 1999 2004 1982 
3 1982 2004 1983 
3 2001 1999 1998 
3 2001 2003 1999 
3 1980 1992 1981 
3 1981 1992 1994 
3 1995 1981 1994 
3 2005 2006 2007 
3 2005 2007 2008 
3 2009 2010 2006 
3 2009 2006 2005 
3 2011 2012 2010 
3 2011 2010 2009 
3 2013 2014 2012 
3 2013 2012 2011 
3 2015 2016 2014 
3 2015 2014 2013 
3 2008 2007 2016 
3 2008 2016 2015 
3 1964 2005 2008 
3 1964 2008 1965 
3 1967 2009 2005 
3 1967 2005 1964 
3 1972 2011 2009 
3 1972 2009 1967 
3 1975 2013 2011 
3 1975 2011 1972 
3 1974 2015 2013 
3 1974 2013 1975 
3 1965 2008 2015 
3 1965 2015 1974 
3 2006 2017 2018 
3 2006 2018 2007 
3 2010 2019 2017 
3 2010 2017 2006 
3 2012 2020 2019 
3 2012 2019 2010 
3 2014 2021 2020 
3 2014 2020 2012 
3 2016 2021 2014 
3 2007 2018 2021 
3 2007 2021 2016 
3 2017 2022 2023 
3 2017 2023 2018 
3 2019 2024 2022 
3 2019 2022 2017 
3 2020 2025 2024 
3 2020 2024 2019 
3 2021 2026 2025 
3 2021 2025 2020 
3 2027 2026 2021 
3 2018 2023 2027 
3 2018 2027 2021 
3 2022 2002 1979 
3 2022 1979 2023 
3 2024 2001 2002 
3 2024 2002 2022 
3 2025 2003 2001 
3 2025 2001 2024 
3 2026 2004 2003 
3 2026 2003 2025 
3 2027 1983 2004 
3 2027 2004 2026 
3 2023 1979 1983 
3 2023 1983 2027 
3 1975 1972 1990 
3 1971 1989 1990 
3 1964 1961 1968 
3 2028 2029 2030 
3 2028 2030 2031 
3 2032 2033 2034 
3 2032 2034 2035 
3 2036 2037 2033 
3 2036 2033 2032 
3 2038 2039 2037 
3 2038 2037 2036 
3 2040 2041 2039 
3 2040 2039 2038 
3 2042 2043 2041 
3 2042 2041 2040 
3 2044 2045 2043 
3 2044 2043 2042 
3 2046 2047 2045 
3 2046 2045 2044 
3 2048 2049 2047 
3 2048 2047 2046 
3 2035 2034 2049 
3 2035 2049 2048 
3 2033 2050 2051 
3 2033 2051 2034 
3 2037 2052 2050 
3 2037 2050 2033 
3 2039 2053 2052 
3 2039 2052 2037 
3 2041 2054 2053 
3 2041 2053 2039 
3 2043 2055 2054 
3 2043 2054 2041 
3 2045 2056 2055 
3 2045 2055 2043 
3 2047 2057 2056 
3 2047 2056 2045 
3 2049 2058 2057 
3 2049 2057 2047 
3 2034 2051 2058 
3 2034 2058 2049 
3 2050 2059 2060 
3 2050 2060 2051 
3 2052 2061 2059 
3 2052 2059 2050 
3 2053 2062 2061 
3 2053 2061 2052 
3 2054 2063 2062 
3 2054 2062 2053 
3 2055 2064 2063 
3 2055 2063 2054 
3 2056 2065 2064 
3 2056 2064 2055 
3 2057 2066 2065 
3 2057 2065 2056 
3 2058 2067 2066 
3 2058 2066 2057 
3 2051 2060 2067 
3 2051 2067 2058 
3 2059 2068 2069 
3 2059 2069 2060 
3 2061 2070 2068 
3 2061 2068 2059 
3 2062 2071 2070 
3 2062 2070 2061 
3 2063 2072 2071 
3 2063 2071 2062 
3 2064 2073 2072 
3 2064 2072 2063 
3 2065 2074 2073 
3 2065 2073 2064 
3 2066 2075 2074 
3 2066 2074 2065 
3 2067 2076 2075 
3 2067 2075 2066 
3 2060 2069 2076 
3 2060 2076 2067 
3 2077 2078 2079 
3 2077 2079 2080 
3 2081 2082 2078 
3 2081 2078 2077 
3 2083 2084 2082 
3 2083 2082 2081 
3 2085 2086 2084 
3 2085 2084 2083 
3 2087 2088 2086 
3 2087 2086 2085 
3 2089 2090 2088 
3 2089 2088 2087 
3 2091 2092 2089 
3 2068 2077 2080 
3 2068 2080 2069 
3 2070 2081 2077 
3 2070 2077 2068 
3 2071 2083 2081 
3 2071 2081 2070 
3 2072 2085 2083 
3 2072 2083 2071 
3 2073 2087 2085 
3 2073 2085 2072 
3 2074 2089 2087 
3 2074 2087 2073 
3 2075 2091 2074 
3 2091 2075 2076 
3 2091 2076 2069 
3 2091 2069 2080 
3 2092 2090 2089 
3 2093 2094 2090 
3 2093 2090 2092 
3 2031 2079 2078 
3 2031 2078 2028 
3 2028 2078 2082 
3 2028 2082 2029 
3 2029 2082 2084 
3 2029 2084 2095 
3 2095 2084 2086 
3 2095 2086 2030 
3 2080 2079 2031 
3 2080 2031 2091 
3 2091 2031 2092 
3 2030 2096 2094 
3 2030 2094 2093 
3 2030 2093 2031 
3 2036 2032 2035 
3 2036 2035 2048 
3 2036 2048 2038 
3 2048 2046 2044 
3 2048 2044 2042 
3 2048 2042 2040 
3 2048 2040 2038 
3 2091 2089 2074 
3 2030 2086 2088 
3 2030 2088 2096 
3 2096 2088 2090 
3 2096 2090 2094 
3 2031 2093 2092 
3 2029 2095 2030 
3 2097 2098 2099 
3 2097 2099 2100 
3 2100 2099 2101 
3 2100 2101 2102 
3 2102 2101 2103 
3 2102 2103 2104 
3 2104 2103 2105 
3 2098 2106 2107 
3 2098 2107 2099 
3 2099 2107 2108 
3 2099 2108 2101 
3 2101 2108 2109 
3 2101 2109 2103 
3 2103 2109 2105 
3 2106 2110 2111 
3 2106 2111 2107 
3 2107 2111 2112 
3 2107 2112 2108 
3 2108 2112 2113 
3 2108 2113 2109 
3 2109 2113 2105 
3 2110 2114 2115 
3 2110 2115 2111 
3 2111 2115 2116 
3 2111 2116 2112 
3 2112 2116 2117 
3 2112 2117 2113 
3 2113 2117 2105 
3 2114 2118 2119 
3 2114 2119 2115 
3 2115 2119 2120 
3 2115 2120 2116 
3 2116 2120 2121 
3 2116 2121 2117 
3 2117 2121 2105 
3 2118 2097 2100 
3 2118 2100 2119 
3 2119 2100 2102 
3 2119 2102 2120 
3 2120 2102 2104 
3 2120 2104 2121 
3 2121 2104 2105 
3 2098 2097 2118 
3 2098 2118 2114 
3 2098 2114 2110 
3 2098 2110 2106 
3 2122 2123 2124 
3 2125 2126 2123 
3 2125 2123 2122 
3 2127 2128 2126 
3 2127 2126 2125 
3 2129 2130 2128 
3 2129 2128 2127 
3 2131 2132 2130 
3 2131 2130 2129 
3 2133 2132 2131 
3 2123 2134 2124 
3 2126 2135 2134 
3 2126 2134 2123 
3 2128 2136 2135 
3 2128 2135 2126 
3 2130 2137 2136 
3 2130 2136 2128 
3 2132 2138 2137 
3 2132 2137 2130 
3 2133 2138 2132 
3 2134 2139 2124 
3 2135 2140 2139 
3 2135 2139 2134 
3 2136 2141 2140 
3 2136 2140 2135 
3 2137 2142 2141 
3 2137 2141 2136 
3 2138 2143 2142 
3 2138 2142 2137 
3 2133 2143 2138 
3 2139 2144 2124 
3 2140 2145 2144 
3 2140 2144 2139 
3 2141 2146 2145 
3 2141 2145 2140 
3 2142 2147 2146 
3 2142 2146 2141 
3 2143 2148 2147 
3 2143 2147 2142 
3 2133 2148 2143 
3 2144 2149 2124 
3 2145 2150 2149 
3 2145 2149 2144 
3 2146 2151 2150 
3 2146 2150 2145 
3 2147 2152 2151 
3 2147 2151 2146 
3 2148 2153 2152 
3 2148 2152 2147 
3 2133 2153 2148 
3 2149 2122 2124 
3 2150 2125 2122 
3 2150 2122 2149 
3 2151 2127 2125 
3 2151 2125 2150 
3 2152 2129 2127 
3 2152 2127 2151 
3 2153 2131 2129 
3 2153 2129 2152 
3 2133 2131 2153 