3.14198 -1.55879 1.92967 
3.18585 -1.5136 1.82923 
3.26733 -1.55719 1.82223 
3.21209 -1.6141 1.94871 
3.35182 -1.58643 1.90772 
3.31614 -1.6334 1.97707 
3.51437 -1.66134 1.92905 
3.47456 -1.70234 2.02018 
3.54125 -1.65971 2.03845 
3.21436 -1.42365 1.83712 
3.30323 -1.44392 1.83216 
3.37889 -1.50101 1.91521 
3.53383 -1.59993 1.93442 
3.199 -1.37885 1.94544 
3.28389 -1.38752 1.96856 
3.36807 -1.46948 1.99144 
3.51389 -1.57825 2.03104 
3.15513 -1.424 2.04591 
3.22865 -1.44436 2.09509 
3.3348 -1.50883 2.06149 
3.4865 -1.58004 2.12566 
3.12661 -1.51395 2.0381 
3.19273 -1.55764 2.08525 
3.31012 -1.58668 2.05471 
3.46061 -1.66167 2.11857 
3.18714 -1.3356 1.83324 
3.15548 -1.29781 1.946 
3.12972 -1.35805 2.0506 
3.13563 -1.45612 2.04248 
3.16733 -1.49395 1.92961 
3.19306 -1.43366 1.82504 
3.08065 -1.5508 1.88887 
3.12138 -1.4554 1.72343 
3.0305 -1.49094 2.06747 
3.02116 -1.33578 2.08032 
3.0619 -1.24045 1.91481 
3.112 -1.30026 1.73639 
2.99408 -1.43071 1.69989 
2.95528 -1.52163 1.85755 
2.94576 -1.46155 2.03902 
2.94188 -1.33261 2.05038 
2.94244 -1.2448 1.88138 
2.99018 -1.30179 1.71136 
1.93 -1.50253 1.84723 
1.80372 -1.48437 1.8357 
2.02669 -1.53545 1.64109 
1.87821 -1.52399 1.46403 
1.86323 -1.56943 1.59914 
1.91076 -1.277 1.84789 
2.04697 -1.28186 1.86427 
2.13502 -1.18056 1.64997 
2.0275 -1.13012 1.61173 
1.76607 -1.30668 1.78784 
1.899 -1.19073 1.58873 
2.02877 -1.49121 1.81808 
2.99271 -1.53261 1.98417 
3.02327 -1.45589 2.02838 
2.95434 -1.32994 2.04858 
2.80474 -1.34837 2.00055 
2.82356 -1.47766 1.97659 
2.99553 -1.37596 1.70274 
2.89266 -1.48945 1.69225 
2.788 -1.42025 1.71868 
2.12476 -1.50042 1.52983 
2.16853 -1.29234 1.49895 
2.72442 -1.2698 1.75631 
2.76458 -1.30908 1.87843 
2.93743 -1.2307 1.99628 
2.92447 -1.17491 1.86652 
2.96481 -1.23825 1.76058 
2.95522 -1.40054 1.86936 
2.87492 -1.44435 1.85089 
1.77406 -1.54193 1.7456 
1.88379 -1.18575 1.43889 
1.92152 -1.53276 1.45161 
2.05819 -1.53761 1.46813 
2.0384 -1.22367 1.40802 
1.9069 -1.29424 1.35834 
1.95449 -1.65464 1.38001 
1.79925 -1.71387 1.60282 
1.71142 -1.66066 1.50287 
1.51274 -1.61791 1.41185 
1.70986 -1.68031 1.28978 
1.47428 -1.779 1.57487 
1.54526 -1.50293 1.29058 
1.22708 -1.59208 1.52995 
1.41444 -1.47203 1.26631 
1.59399 -1.53491 1.7568 
1.36829 -1.47057 1.65085 
-0.216751 -1.24589 1.22242 
1.28279 -1.33548 1.61089 
-0.198122 -1.38736 1.14517 
0.149947 -1.40403 1.04316 
0.869068 -1.33153 1.05768 
-0.029913 -1.3259 0.819864 
-0.174528 -1.37889 0.920128 
-0.163672 -1.30538 0.705748 
-0.439091 -1.33635 0.855055 
-0.289505 -1.27875 0.585152 
-0.182458 -1.08841 0.617803 
-0.007261 -1.127 0.725477 
-0.576556 -1.33621 0.446331 
-0.501259 -1.01702 0.453595 
-0.711585 -1.29993 0.796462 
-0.89528 -1.31721 0.640751 
-0.866432 -1.29612 0.865524 
-0.728444 -1.37479 0.963556 
-0.796829 -1.2844 1.20749 
-0.918475 -1.37907 1.02788 
-1.14479 -1.33746 0.92498 
-1.3562 -1.17913 0.899833 
-1.13273 -1.22682 0.777343 
-1.42244 -1.14725 1.04649 
-1.01461 -1.34447 1.14338 
-1.20064 -1.16205 1.24157 
-1.31384 -1.01429 1.17899 
-1.43749 -1.01929 1.01946 
-0.22185 -1.04357 1.1784 
-0.75678 -1.04476 1.23993 
-0.847552 -1.19541 1.25272 
-1.00499 -1.05693 1.25398 
-0.838785 -0.917706 1.15779 
-1.28961 -0.861439 0.975874 
-0.200415 -0.881828 1.01727 
-0.622401 -0.795601 0.986826 
-0.923923 -0.761246 0.835555 
-0.778062 -0.635372 0.787072 
-0.329334 -0.751404 0.905875 
-0.540679 -0.580814 0.672019 
-0.084321 -0.749493 0.802552 
0.212663 -0.920902 0.892954 
1.38182 -1.13388 1.5031 
1.43944 -1.25592 1.79927 
1.63838 -1.13627 1.76541 
1.6047 -1.19597 1.31081 
1.72134 -1.03853 1.56879 
1.8474 -1.41312 1.74566 
1.97084 -1.14304 1.67325 
-0.054888 -0.951874 0.695096 
1.59329 -1.36587 1.27959 
1.92891 -1.22099 1.43442 
1.9074 -1.49287 1.36122 
-0.329414 -1.17984 0.084929 
-0.367485 -1.23544 0.409283 
-0.53451 -1.36944 0.247005 
-0.141918 -1.19726 0.411279 
-0.525457 -0.915234 0.055037 
-0.344298 -0.956409 0.0781 
-0.557202 -1.23436 0.037929 
-0.50551 -0.506092 0.054287 
-0.224106 -0.670441 0.110202 
-0.341818 -0.737953 0.076912 
-0.488283 -0.666325 0.045952 
-0.034321 -0.79903 0.214181 
-0.039566 -1.08729 0.272678 
-0.252132 -1.15641 0.144073 
-0.022759 -0.65942 0.39018 
-0.179274 -0.560215 0.198682 
-0.656215 -0.573734 0.447628 
-0.586464 -0.58247 0.56538 
-0.295796 -0.665661 0.631799 
-0.041996 -0.679676 0.467443 
-0.232771 -1.06911 0.56385 
-0.059166 -1.15105 0.548975 
-0.052109 -0.921329 0.624627 
1.99184 -1.57618 0.834475 
2.10062 -1.50639 0.865055 
2.16448 -1.53785 0.904541 
1.91414 -1.61286 0.859339 
1.99433 -1.61125 1.20576 
2.18114 -1.44324 1.20643 
2.06464 -1.31082 1.21195 
1.81098 -1.58681 1.13725 
-0.627565 -1.30635 0.275552 
-0.607509 -1.13828 0.339567 
-0.459564 -1.06611 0.457895 
-0.333788 -1.02932 0.523488 
-0.639463 -0.652988 0.541983 
-0.364432 -0.759094 0.622321 
-0.157343 -0.822689 0.598942 
-0.292539 -0.839779 0.50006 
2.13493 -1.62036 1.07975 
2.21518 -1.46845 0.938018 
2.19949 -1.46756 1.10357 
2.26757 -1.28675 0.949466 
2.22675 -1.27388 1.15074 
2.20295 -1.43335 0.883728 
2.21722 -1.18705 0.845526 
2.113 -1.01005 1.09379 
2.09875 -1.38432 0.864563 
2.01676 -1.07425 0.779557 
1.99759 -1.36694 0.811703 
1.95359 -1.07857 1.1212 
1.90832 -1.33604 1.11641 
0.455003 -0.911636 0.357914 
0.98488 -1.04223 0.527129 
0.963349 -1.12522 0.619615 
0.425381 -1.0032 0.436516 
0.496376 -0.74329 0.546123 
1.03513 -0.845901 0.603019 
0.510279 -0.745106 0.614778 
1.02397 -0.881649 0.767278 
0.457973 -0.979359 0.705081 
0.986401 -1.09786 0.800089 
0.429672 -1.08372 0.633422 
0.98869 -1.1517 0.753291 
1.48416 -1.23353 0.71201 
1.44561 -1.28309 0.769931 
1.59098 -1.00199 0.724513 
1.58565 -1.0307 0.912292 
1.46679 -1.25025 0.918338 
1.83187 -1.30891 0.816142 
1.79916 -1.44614 0.878838 
1.86356 -1.01214 0.82036 
1.82143 -1.05046 1.03817 
1.77479 -1.28679 1.05578 
1.74025 -1.47304 1.04974 
3.4746 -1.48288 1.18157 
3.45245 -1.43044 1.23164 
3.47115 -1.40335 1.47307 
3.4546 -1.52109 1.32506 
2.29315 -1.50163 0.802873 
2.36186 -1.51368 0.800068 
2.36143 -1.66005 0.876166 
2.27501 -1.60697 0.892125 
2.30614 -1.22481 0.900606 
2.39826 -1.19762 0.953748 
2.28027 -1.17431 0.987691 
2.37532 -1.12999 0.992609 
2.23568 -1.22992 1.17564 
2.32646 -1.18889 1.22963 
2.22505 -1.37561 1.23752 
2.34508 -1.39071 1.29218 
2.21777 -1.58764 1.2332 
2.29129 -1.64309 1.24009 
2.21583 -1.6119 1.16887 
2.31636 -1.70907 1.1767 
2.24923 -1.5719 1.00256 
2.37262 -1.68395 1.02544 
2.46224 -1.55756 0.861843 
2.44732 -1.66042 0.914053 
2.47402 -1.21277 1.00124 
2.47036 -1.13184 1.05674 
2.49486 -1.18403 1.21813 
2.47947 -1.38714 1.28771 
2.44593 -1.65547 1.2747 
2.41143 -1.71087 1.24035 
2.42124 -1.64137 1.04821 
2.73562 -1.46434 1.04668 
2.75396 -1.55069 1.08017 
2.73755 -1.25644 1.11258 
2.76958 -1.21812 1.19474 
2.76428 -1.22221 1.25583 
2.73956 -1.32443 1.29438 
2.70041 -1.5361 1.27254 
2.70826 -1.56101 1.22189 
2.72721 -1.56977 1.14964 
3.13587 -1.51687 1.14023 
3.10157 -1.53418 1.17099 
3.13339 -1.35032 1.18962 
3.16758 -1.31094 1.2477 
3.17111 -1.33254 1.35876 
3.1537 -1.40636 1.40005 
3.05528 -1.49122 1.36659 
3.08591 -1.53047 1.33103 
3.08565 -1.5531 1.2421 
3.31247 -1.56761 1.11354 
3.46181 -1.50731 1.11559 
3.4531 -1.58261 1.18306 
3.34759 -1.61161 1.15274 
3.32639 -1.37418 1.1924 
3.42604 -1.38792 1.21862 
3.35367 -1.34711 1.22304 
3.40631 -1.36398 1.27966 
3.3472 -1.37611 1.44421 
3.42614 -1.38881 1.45514 
3.32724 -1.42091 1.47505 
3.43084 -1.4623 1.49978 
3.31555 -1.67429 1.45421 
3.44584 -1.58979 1.50518 
3.30665 -1.56452 1.28677 
3.44422 -1.64415 1.47586 
3.45115 -1.58569 1.44408 
3.45309 -1.56142 1.50841 
3.45649 -1.40456 1.27191 
3.44631 -1.48953 1.48782 
4.07759 -1.5582 1.45062 
4.04791 -1.61002 1.56059 
4.11858 -1.63271 1.60663 
4.15594 -1.56747 1.46816 
4.21532 -1.6857 1.56157 
4.24043 -1.63298 1.48558 
4.36219 -1.74712 1.61731 
4.38911 -1.70011 1.51752 
4.41542 -1.78745 1.52115 
4.02284 -1.70646 1.55235 
4.087 -1.75418 1.59626 
4.19151 -1.77731 1.55375 
4.34507 -1.81297 1.61169 
4.02742 -1.75115 1.43415 
4.09276 -1.81044 1.44741 
4.19474 -1.80875 1.47055 
4.35451 -1.83319 1.50618 
4.05708 -1.69939 1.32414 
4.13012 -1.74526 1.30888 
4.21772 -1.76419 1.39383 
4.37051 -1.82823 1.40275 
4.08218 -1.60293 1.3323 
4.16171 -1.62379 1.31915 
4.23943 -1.68072 1.40091 
4.39328 -1.74069 1.41015 
4.01524 -1.5459 1.43401 
4.01378 -1.58243 1.54641 
4.01547 -1.64618 1.43137 
3.94731 -1.53769 1.41881 
3.92228 -1.56643 1.56325 
3.74615 -1.48831 1.37448 
3.71838 -1.59051 1.46822 
3.53476 -1.38153 1.32937 
3.53646 -1.52216 1.48999 
3.49009 -1.36844 1.31958 
3.49135 -1.51007 1.48227 
3.53675 -1.52464 1.32598 
3.99597 -1.71971 1.53873 
3.89574 -1.77099 1.55179 
3.70965 -1.65771 1.46447 
3.47113 -1.6935 1.47063 
3.42577 -1.68327 1.4628 
3.99004 -1.74005 1.42316 
3.92431 -1.71487 1.40894 
3.72337 -1.66379 1.36467 
3.49842 -1.66156 1.31372 
3.45326 -1.6522 1.30373 
4.02895 -1.71294 1.31896 
3.93951 -1.76195 1.26019 
3.73947 -1.65155 1.26584 
3.51871 -1.68367 1.15367 
3.47399 -1.67332 1.14161 
4.04677 -1.57566 1.32657 
3.96607 -1.55739 1.27155 
3.74821 -1.58435 1.26952 
3.58406 -1.51233 1.17292 
3.53958 -1.50011 1.16097 
0.214691 -0.300602 -0.970271 
0.16624 -0.352932 -0.634448 
-0.064495 -0.431824 -0.791705 
0.437893 -0.383533 -0.647303 
0.048495 0.024399 -0.984564 
0.25021 -0.072552 -0.973648 
-0.064678 -0.284489 -1.00378 
0.168802 0.427326 -0.981862 
0.458876 0.175877 -0.945411 
0.304919 0.145096 -0.972458 
0.150588 0.262127 -0.993509 
0.652145 -0.013161 -0.852817 
0.579251 -0.301224 -0.795651 
0.311852 -0.30225 -0.914376 
0.703653 0.118332 -0.670786 
0.539689 0.270126 -0.85608 
-0.011676 0.3955 -0.567496 
0.070722 0.362492 -0.451135 
0.391134 0.189056 -0.403545 
0.678611 0.101963 -0.590181 
0.366828 -0.231682 -0.482548 
0.549018 -0.366104 -0.510651 
0.613872 -0.14056 -0.430542 
2.84321 -1.42325 -0.361459 
2.98725 -1.38742 -0.336566 
3.0552 -1.43934 -0.300639 
2.74477 -1.4369 -0.331008 
2.84815 -1.46862 0.02015 
3.10548 -1.3576 0.010109 
3.00147 -1.1899 0.025283 
2.63864 -1.38658 -0.0376 
-0.157028 -0.341141 -0.755235 
-0.092001 -0.180882 -0.688718 
0.100622 -0.156864 -0.576135 
0.25757 -0.160107 -0.516746 
-0.008355 0.308735 -0.472444 
0.288806 0.116817 -0.409728 
0.514088 -0.009239 -0.448651 
0.349915 0.01741 -0.541434 
3.00612 -1.51732 -0.119243 
3.13162 -1.38627 -0.268811 
3.1182 -1.38486 -0.097313 
3.23604 -1.2209 -0.258449 
3.1972 -1.20078 -0.048332 
3.12419 -1.34607 -0.32345 
3.1982 -1.10321 -0.360835 
3.12585 -0.900921 -0.096083 
3.01402 -1.26481 -0.335501 
2.98982 -0.927696 -0.413762 
2.89893 -1.21525 -0.382821 
2.92481 -0.921558 -0.057821 
2.81087 -1.16502 -0.062719 
1.19894 -0.278507 -0.739515 
1.78939 -0.574821 -0.602955 
1.74721 -0.653606 -0.507265 
1.14493 -0.363033 -0.657667 
1.29231 -0.127659 -0.546604 
1.89659 -0.395836 -0.525939 
1.30998 -0.135483 -0.476901 
1.8797 -0.432396 -0.356514 
1.19602 -0.356041 -0.383145 
1.78557 -0.63792 -0.322734 
1.13631 -0.449894 -0.456217 
1.77415 -0.691238 -0.371698 
2.33025 -0.92292 -0.448902 
2.27523 -0.962208 -0.38724 
2.50988 -0.724327 -0.440572 
2.5021 -0.756256 -0.247249 
2.31182 -0.939644 -0.235525 
2.71996 -1.10688 -0.36628 
2.65106 -1.2357 -0.301136 
2.8274 -0.819984 -0.360593 
2.77535 -0.851063 -0.133959 
2.66546 -1.07354 -0.115456 
2.58088 -1.24905 -0.121513 
4.58749 -1.35063 0.030746 
4.56303 -1.29779 0.083102 
4.58018 -1.27705 0.332037 
4.55655 -1.39389 0.177692 
3.17868 -1.34541 -0.36273 
3.26045 -1.35855 -0.365616 
3.24751 -1.51155 -0.289801 
3.14694 -1.45632 -0.272731 
3.21056 -1.06318 -0.257423 
3.32148 -1.03776 -0.202005 
3.18039 -1.01336 -0.16703 
3.29746 -0.968937 -0.160938 
3.11739 -1.07556 0.025293 
3.22765 -1.0359 0.081808 
3.09269 -1.22734 0.086458 
3.23415 -1.24585 0.142793 
3.06938 -1.44558 0.078385 
3.1536 -1.50375 0.084757 
3.06727 -1.46871 0.011778 
3.18103 -1.57019 0.01848 
3.11512 -1.42307 -0.158582 
3.25485 -1.5406 -0.136577 
3.37611 -1.40669 -0.302501 
3.3495 -1.514 -0.250568 
3.41 -1.05561 -0.153168 
3.40955 -0.973782 -0.094694 
3.43055 -1.0325 0.070558 
3.39592 -1.24359 0.138651 
3.33743 -1.51929 0.12061 
3.29318 -1.57499 0.084227 
3.3155 -1.49795 -0.112277 
3.70536 -1.31912 -0.109913 
3.7204 -1.40928 -0.076868 
3.72012 -1.10685 -0.038565 
3.7588 -1.0701 0.046718 
3.75033 -1.07603 0.109501 
3.71241 -1.18216 0.147348 
3.65137 -1.39916 0.121172 
3.66058 -1.42347 0.068652 
3.68488 -1.43063 -0.005788 
4.1796 -1.38055 -0.01336 
4.13628 -1.39888 0.017891 
4.18669 -1.21035 0.040281 
4.22875 -1.17185 0.100809 
4.22818 -1.19735 0.214735 
4.20092 -1.27439 0.255915 
4.07784 -1.35973 0.219759 
4.11296 -1.3995 0.182584 
4.11374 -1.42025 0.090696 
4.38895 -1.43409 -0.041164 
4.57241 -1.37374 -0.037587 
4.55472 -1.45317 0.03053 
4.42691 -1.48097 -0.001471 
4.41672 -1.23724 0.043309 
4.53466 -1.25331 0.070347 
4.45045 -1.21054 0.075374 
4.5108 -1.23016 0.1335 
4.43407 -1.24672 0.302435 
4.52767 -1.26104 0.313704 
4.40609 -1.29355 0.333355 
4.52688 -1.3381 0.358406 
4.3751 -1.55387 0.307577 
4.5359 -1.46977 0.361838 
4.37701 -1.43585 0.137121 
4.53106 -1.52492 0.330744 
4.54438 -1.46385 0.299058 
4.54648 -1.44073 0.365662 
4.56848 -1.27234 0.12499 
4.54393 -1.36599 0.345676 
5.22144 -1.52535 0.311161 
5.18341 -1.58122 0.423291 
5.26767 -1.60505 0.470817 
5.31556 -1.53472 0.329619 
5.38749 -1.65779 0.424315 
5.41881 -1.60179 0.347121 
5.56445 -1.72109 0.481748 
5.59897 -1.67041 0.38 
5.63321 -1.75999 0.382554 
5.15641 -1.68026 0.413124 
5.23366 -1.72977 0.458015 
5.36184 -1.75185 0.414651 
5.54601 -1.7887 0.474816 
5.16743 -1.72348 0.290825 
5.24754 -1.78421 0.304009 
5.3696 -1.78227 0.328579 
5.5617 -1.80705 0.365991 
5.20545 -1.66767 0.178652 
5.29543 -1.71392 0.162753 
5.39864 -1.73465 0.250492 
5.58445 -1.79954 0.259758 
5.23248 -1.56862 0.188739 
5.32945 -1.5892 0.175455 
5.42202 -1.64894 0.259239 
5.60897 -1.70966 0.268913 
5.17745 -1.49915 0.29367 
5.16561 -1.53767 0.408748 
5.16196 -1.60095 0.289384 
5.09875 -1.47604 0.277679 
5.05895 -1.5021 0.425671 
4.86962 -1.38215 0.231402 
4.8169 -1.4814 0.326054 
4.63749 -1.22781 0.185154 
4.61107 -1.37341 0.348237 
4.58694 -1.20481 0.174968 
4.55976 -1.35136 0.340154 
4.61733 -1.37346 0.179434 
5.12305 -1.67308 0.398555 
4.99553 -1.70388 0.410477 
4.79606 -1.5477 0.321077 
4.50719 -1.53304 0.325151 
4.45531 -1.51284 0.316929 
5.11725 -1.69066 0.279278 
5.04381 -1.65081 0.264575 
4.81521 -1.55525 0.218392 
4.55066 -1.50404 0.164395 
4.49895 -1.48471 0.153932 
5.17171 -1.66986 0.172767 
5.06011 -1.69955 0.110877 
4.84005 -1.54474 0.117004 
4.57739 -1.52834 -0.000502 
4.52644 -1.50806 -0.013066 
5.21429 -1.53444 0.182881 
5.12355 -1.49777 0.125971 
4.86091 -1.47846 0.121907 
4.68129 -1.3687 0.022472 
4.63092 -1.34659 0.010046 
0.625839 0.097809 -1.01628 
0.77534 0.085701 -1.01966 
0.766206 0.234882 -1.18061 
0.651793 0.234585 -1.18678 
0.582709 -0.071564 -0.939147 
0.623417 -0.143551 -0.91437 
0.355436 -0.414921 -1.20799 
0.468753 -0.517296 -1.0642 
0.23465 -0.723339 -1.17067 
0.265844 -0.778831 -1.12311 
0.196884 -0.819935 -1.2425 
0.270335 -0.904472 -1.18154 
0.23587 -0.94001 -1.42616 
0.32508 -1.01609 -1.37564 
0.297033 -0.888195 -1.53777 
0.421638 -0.976379 -1.50859 
0.37221 -0.78553 -1.63641 
0.495406 -0.801846 -1.6417 
0.439429 -0.624149 -1.73547 
0.573936 -0.602608 -1.73939 
0.471063 -0.354202 -1.75476 
0.607017 -0.374397 -1.78209 
0.547982 -0.016785 -1.77106 
0.666688 -0.04567 -1.76488 
0.579025 0.235226 -1.66338 
0.731941 0.193317 -1.65546 
0.618572 0.314056 -1.51078 
0.739028 0.242771 -1.528 
0.903142 0.082462 -1.03594 
0.883424 0.205742 -1.15135 
0.767617 -0.265091 -0.942067 
0.635087 -0.550915 -1.02099 
0.453678 -0.874908 -1.11374 
0.42179 -0.946629 -1.151 
0.468385 -1.02946 -1.27583 
0.579088 -0.981335 -1.3848 
0.657625 -0.79393 -1.5407 
0.718701 -0.627575 -1.72042 
0.769402 -0.47477 -1.79728 
0.829801 -0.145935 -1.79139 
0.855823 0.135147 -1.67239 
0.893399 0.201107 -1.5427 
1.12668 0.003754 -1.10533 
1.15359 0.056042 -1.2878 
1.06224 -0.229748 -0.995347 
0.939629 -0.562366 -1.03914 
0.799714 -0.946377 -1.06113 
0.800667 -1.04271 -1.13132 
0.790341 -1.05001 -1.2123 
0.79484 -1.00729 -1.28119 
0.859071 -0.828106 -1.44928 
0.900963 -0.670536 -1.57244 
0.94554 -0.542896 -1.67299 
1.01577 -0.327209 -1.75964 
1.08456 -0.129364 -1.69668 
1.1197 0.020844 -1.53193 
1.41668 -0.130505 -1.07894 
1.43765 -0.060905 -1.28476 
1.41065 -0.27021 -1.03453 
1.29729 -0.565552 -1.05437 
1.16963 -0.911083 -1.08718 
1.10327 -1.05425 -1.12642 
1.09716 -1.04926 -1.20754 
1.08465 -1.01497 -1.2538 
1.1391 -0.819576 -1.38778 
1.16356 -0.713181 -1.47778 
1.19606 -0.623524 -1.56793 
1.23615 -0.508457 -1.65702 
1.31901 -0.326572 -1.69695 
1.39454 -0.122246 -1.50689 
1.57001 -0.214558 -1.07134 
1.5709 -0.136059 -1.32448 
1.54492 -0.333126 -1.03913 
1.46912 -0.586178 -1.04525 
1.36193 -0.826218 -1.09928 
1.28348 -1.00737 -1.12767 
1.29033 -0.993923 -1.1735 
1.26877 -0.955132 -1.25518 
1.3102 -0.840317 -1.36735 
1.35816 -0.742493 -1.45615 
1.37443 -0.661129 -1.53545 
1.42761 -0.550602 -1.64702 
1.5286 -0.389534 -1.67479 
1.56823 -0.226746 -1.5215 
1.90395 -0.33585 -1.06608 
1.90925 -0.286751 -1.33057 
1.84686 -0.471169 -1.01259 
1.77331 -0.681877 -1.05275 
1.70303 -0.879967 -1.09264 
1.69805 -0.947147 -1.12796 
1.6516 -0.984444 -1.17708 
1.68016 -0.949715 -1.26744 
1.69224 -0.881596 -1.33525 
1.70165 -0.825508 -1.42692 
1.72949 -0.748928 -1.50517 
1.79173 -0.654728 -1.63955 
1.80806 -0.51955 -1.66074 
1.87535 -0.352097 -1.51728 
2.41446 -0.621437 -1.00585 
2.40364 -0.49667 -1.25925 
2.34687 -0.710529 -0.964352 
2.29001 -0.900322 -0.968942 
2.22708 -1.07329 -0.996883 
2.19707 -1.14399 -1.06809 
2.177 -1.10495 -1.17284 
2.21264 -1.12956 -1.25148 
2.23381 -1.07776 -1.34255 
2.23827 -1.03504 -1.41098 
2.26778 -0.957714 -1.51275 
2.31975 -0.847153 -1.61258 
2.36826 -0.68288 -1.5973 
2.38746 -0.553471 -1.47989 
2.80064 -0.734367 -0.974554 
2.87709 -0.655632 -1.21181 
2.736 -0.841282 -0.863567 
2.53971 -1.03489 -0.910224 
2.42397 -1.17387 -0.952097 
2.355 -1.24511 -1.01406 
2.32624 -1.27387 -1.09666 
2.37322 -1.27245 -1.2326 
2.45028 -1.24183 -1.29721 
2.45286 -1.16904 -1.40047 
2.45304 -1.06699 -1.52633 
2.63938 -0.97665 -1.61952 
2.82704 -0.765938 -1.56139 
2.89262 -0.695015 -1.45375 
2.88753 -0.738251 -0.95854 
2.95715 -0.642815 -1.20738 
2.93404 -0.857475 -0.841654 
2.79727 -1.22866 -0.852014 
2.50465 -1.31794 -0.891232 
2.40893 -1.35126 -0.95433 
2.37433 -1.4049 -1.07196 
2.46166 -1.39063 -1.17111 
2.54082 -1.36012 -1.27057 
2.59557 -1.29084 -1.40509 
2.58027 -1.20879 -1.59006 
2.82776 -1.11508 -1.62181 
2.98532 -0.794651 -1.57623 
3.03203 -0.703037 -1.46945 
2.98547 -0.704556 -0.929825 
3.0819 -0.605068 -1.17764 
3.03197 -0.823784 -0.812939 
3.02419 -1.36732 -0.852224 
2.54165 -1.40237 -0.867208 
2.45316 -1.49454 -0.918584 
2.40985 -1.48957 -1.02486 
2.47634 -1.46653 -1.15957 
2.64203 -1.48219 -1.23112 
2.68904 -1.43879 -1.36672 
2.66242 -1.36446 -1.61003 
2.95709 -1.24517 -1.66218 
3.19922 -1.02573 -1.61284 
3.22691 -0.732059 -1.45916 
3.19987 -0.850891 -0.977089 
3.25966 -0.781235 -1.19216 
3.17374 -1.00001 -0.864364 
3.15923 -1.26104 -0.867238 
3.05238 -1.44698 -0.874498 
2.83653 -1.57804 -0.910359 
2.45039 -1.60332 -0.989074 
2.46743 -1.61879 -1.13812 
2.72401 -1.49942 -1.19232 
2.77193 -1.44358 -1.28146 
2.68626 -1.54757 -1.43722 
2.77537 -1.4908 -1.56999 
3.16965 -1.15686 -1.56918 
3.29302 -0.841717 -1.41015 
3.23781 -0.989681 -1.02201 
3.3015 -0.937206 -1.1798 
3.1906 -1.08738 -0.944975 
3.14749 -1.22661 -0.925263 
3.0914 -1.37431 -0.940824 
2.96879 -1.5687 -0.937653 
2.83216 -1.77103 -0.958001 
2.77975 -1.76157 -1.09924 
2.90013 -1.54924 -1.18322 
2.97933 -1.47676 -1.28234 
2.9949 -1.66084 -1.3983 
3.04017 -1.57505 -1.5105 
3.08313 -1.29739 -1.47145 
3.27056 -1.0322 -1.35523 
3.24614 -1.00613 -1.0335 
3.29091 -0.963108 -1.13426 
3.20903 -1.07872 -0.989772 
3.17311 -1.1504 -0.969128 
3.15602 -1.29754 -0.994385 
3.07574 -1.39481 -0.9995 
3.04621 -1.46566 -1.07114 
3.01388 -1.49525 -1.10763 
3.03395 -1.48584 -1.17548 
3.06551 -1.43878 -1.25422 
3.07386 -1.38312 -1.32235 
3.09205 -1.33181 -1.36726 
3.08624 -1.31471 -1.40195 
3.27618 -1.09178 -1.32089 
3.2068 -1.3059 -1.14911 
0.443464 -0.339779 -1.41423 
0.480394 -0.087711 -1.03184 
0.242976 0.104305 -1.04627 
0.130965 -0.17733 -1.11174 
0.376494 -0.313393 -1.17749 
0.555828 0.053566 -1.00356 
0.269902 0.176449 -0.963547 
0.549647 0.209602 -1.01534 
0.316309 0.426731 -0.994478 
0.539759 0.297894 -1.0734 
0.325808 0.536469 -1.05127 
0.491256 0.347511 -1.27206 
0.229697 0.546814 -1.27664 
0.448601 0.295948 -1.4134 
0.066495 0.357342 -1.51812 
0.336425 0.242661 -1.66311 
0.002543 0.229019 -1.661 
0.313887 -0.150074 -1.81544 
-0.046076 0.050941 -1.67588 
0.324446 -0.406868 -1.72326 
-0.054214 -0.084126 -1.73443 
0.28271 -0.631695 -1.657 
-0.069053 -0.299633 -1.83993 
0.278821 -0.800289 -1.54234 
-0.035533 -0.673695 -1.81565 
0.271214 -0.855545 -1.47394 
-0.034334 -0.829659 -1.7238 
0.263242 -0.911007 -1.39375 
-0.057879 -0.868946 -1.54055 
0.267937 -0.969563 -1.33593 
0.016681 -1.01045 -1.35185 
0.213439 -0.94212 -1.16626 
0.057466 -0.971355 -1.23383 
0.192536 -0.908951 -1.09846 
-0.024994 -0.864498 -1.07706 
0.155503 -0.800346 -1.04282 
-0.04983 -0.759686 -1.03248 
0.241587 -0.549099 -1.09442 
-0.010534 -0.492981 -1.07516 
0.062465 0.137218 -1.05754 
-0.038817 -0.147804 -1.111 
0.117041 0.214611 -0.984873 
0.179027 0.485828 -0.968446 
0.144041 0.6115 -1.06251 
0.103499 0.589687 -1.29582 
-0.056478 0.358368 -1.57217 
-0.131593 0.2593 -1.62303 
-0.147629 0.140614 -1.68203 
-0.163512 -0.019577 -1.72978 
-0.199975 -0.269188 -1.84809 
-0.194411 -0.479801 -1.85965 
-0.2133 -0.6576 -1.74596 
-0.195358 -0.834419 -1.6186 
-0.241592 -0.878216 -1.49446 
-0.35523 -0.898094 -1.39812 
-0.306351 -0.850811 -1.17557 
-0.250371 -0.718788 -1.09086 
-0.166259 -0.412769 -1.0734 
-0.071288 0.154655 -1.07727 
-0.186004 -0.042427 -1.13133 
-0.04891 0.243847 -1.04111 
0.1078 0.55125 -0.961402 
0.013572 0.641792 -1.07064 
-0.064026 0.618843 -1.32945 
-0.140325 0.372696 -1.58877 
-0.172464 0.245419 -1.63745 
-0.18836 0.127235 -1.69644 
-0.245754 -0.005173 -1.76944 
-0.330966 -0.226551 -1.79855 
-0.27623 -0.410503 -1.86462 
-0.388318 -0.599194 -1.73366 
-0.490156 -0.816822 -1.69478 
-0.524819 -0.876987 -1.61628 
-0.630446 -0.859356 -1.48437 
-0.559119 -0.735077 -1.28336 
-0.447595 -0.665028 -1.1381 
-0.306933 -0.391438 -1.15122 
-0.276835 0.169907 -1.15965 
-0.349105 0.041824 -1.1877 
-0.219544 0.289623 -1.14392 
-0.270602 0.60046 -1.16946 
-0.319315 0.632793 -1.25328 
-0.407087 0.584595 -1.46648 
-0.464714 0.384762 -1.6205 
-0.460229 0.300789 -1.65541 
-0.466951 0.178345 -1.69068 
-0.505695 0.013134 -1.7971 
-0.633674 -0.150562 -1.88642 
-0.674888 -0.332676 -1.84363 
-0.664357 -0.505451 -1.77394 
-0.755361 -0.630558 -1.69917 
-0.791077 -0.703148 -1.65574 
-0.811283 -0.699764 -1.52984 
-0.803708 -0.624195 -1.33343 
-0.64629 -0.472603 -1.16144 
-0.542886 -0.283867 -1.16578 
-0.563639 0.229923 -1.36192 
-0.599503 0.072811 -1.29556 
-0.563685 0.326977 -1.3385 
-0.543348 0.458244 -1.29101 
-0.577431 0.49958 -1.36207 
-0.598919 0.482277 -1.49063 
-0.568475 0.377758 -1.6157 
-0.606167 0.280025 -1.65284 
-0.640714 0.194637 -1.67841 
-0.686993 0.046005 -1.79707 
-0.768599 -0.120319 -1.83716 
-0.835869 -0.265602 -1.81861 
-0.882302 -0.37682 -1.77596 
-0.916181 -0.436947 -1.70877 
-0.935496 -0.445702 -1.65234 
-0.919468 -0.453899 -1.5478 
-0.89529 -0.424088 -1.40769 
-0.796975 -0.282715 -1.15907 
-0.739229 -0.163147 -1.14331 
0.346512 -0.362076 -1.31546 
-0.717805 -5.3e-05 -1.52286 
3.2078 -0.79829 -1.01521 
3.21227 -0.785698 -1.24565 
3.29133 -0.950832 -1.50396 
3.23329 -0.92091 -0.81935 
4.41771 -1.11061 -0.836851 
4.42535 -1.18111 -0.736134 
4.41211 -1.22677 -0.734126 
4.39887 -1.27245 -0.732118 
4.4392 -1.25651 -0.957692 
4.45291 -1.02628 -0.990851 
4.43041 -1.06191 -0.881207 
3.2903 -1.25112 -0.764054 
3.40168 -1.22342 -0.793803 
3.34467 -0.893211 -0.849097 
3.28245 -1.52391 -0.831234 
3.42249 -1.46495 -0.823579 
3.3336 -1.60786 -0.953463 
3.48673 -1.51184 -0.895231 
3.33714 -1.58318 -1.27873 
3.48565 -1.48919 -1.18413 
3.35766 -1.44902 -1.55318 
3.49926 -1.37602 -1.47888 
3.34923 -1.28674 -1.63591 
3.47876 -1.23631 -1.54544 
3.36848 -0.932987 -1.45397 
3.31497 -0.734592 -1.23137 
3.31464 -0.772259 -1.00943 
3.48973 -1.21954 -0.809316 
3.47068 -0.898449 -0.864203 
3.56637 -1.4099 -0.841217 
3.6239 -1.44553 -0.872724 
3.63492 -1.44323 -1.143 
3.63678 -1.33153 -1.43931 
3.57646 -1.1918 -1.48418 
3.46267 -0.960369 -1.39276 
3.45123 -0.796337 -1.17782 
3.43716 -0.796268 -0.981498 
3.81729 -1.19969 -0.785031 
3.80309 -1.02203 -0.838321 
3.83673 -1.34919 -0.796297 
3.87327 -1.3733 -0.86285 
3.96515 -1.3292 -1.03781 
3.91351 -1.27647 -1.34606 
3.86002 -1.19544 -1.38562 
3.75664 -1.02111 -1.32453 
3.76152 -0.880814 -1.11605 
3.80349 -0.904194 -0.947289 
4.07017 -1.22178 -0.720257 
4.08545 -1.10531 -0.753865 
4.05448 -1.3697 -0.746361 
4.05214 -1.38882 -0.802615 
4.16473 -1.29197 -0.994534 
4.16084 -1.28849 -1.33974 
4.18744 -1.19746 -1.34433 
4.17968 -1.07306 -1.30341 
4.14064 -0.929665 -1.04874 
4.19662 -0.942806 -0.899611 
4.15496 -1.25822 -0.675096 
4.19959 -1.12794 -0.664425 
4.16342 -1.40411 -0.698321 
4.18475 -1.42124 -0.751753 
4.28062 -1.30521 -0.926612 
4.27361 -1.32595 -1.31768 
4.30356 -1.21602 -1.36431 
4.24269 -1.02225 -1.26802 
4.22892 -0.947323 -1.04662 
4.25983 -0.966618 -0.889662 
4.40552 -1.24632 -0.623494 
4.40583 -1.10131 -0.661563 
4.39937 -1.33239 -0.591046 
4.35498 -1.41403 -0.647223 
4.50392 -1.39366 -1.31938 
4.55525 -1.27464 -1.34886 
4.56476 -1.06214 -1.2399 
4.40927 -0.932106 -1.02512 
4.35395 -0.946369 -0.874324 
4.50141 -1.27438 -1.13126 
4.53076 -1.24435 -1.19252 
4.54864 -1.1301 -1.15266 
5.61115 -1.39281 -0.830422 
5.62526 -1.39935 -0.619608 
5.62217 -1.47263 -0.677975 
5.6126 -1.4552 -0.850602 
5.61989 -1.50252 -0.83921 
5.60492 -1.55529 -0.784438 
5.55702 -1.58848 -0.579183 
5.5139 -1.56938 -0.494174 
5.52771 -1.52823 -0.489978 
5.60658 -1.44498 -0.546287 
4.47587 -1.37969 -0.966283 
4.67586 -1.41003 -1.30988 
4.67972 -1.53469 -0.858059 
4.59811 -1.52386 -0.658268 
4.61793 -1.43714 -0.562302 
4.69079 -1.47282 -0.507634 
4.76624 -1.22201 -0.622319 
4.63848 -1.20942 -0.659597 
4.73941 -1.58131 -0.582574 
4.75741 -1.54898 -0.820099 
4.92573 -1.47511 -1.2755 
4.69541 -1.26758 -1.30883 
4.97325 -1.41676 -1.30876 
4.70548 -1.16262 -1.22196 
4.79408 -1.18355 -1.23389 
4.70206 -1.04369 -1.06996 
4.79434 -1.06621 -1.04436 
4.65242 -1.06341 -0.797632 
4.81164 -1.07615 -0.7916 
4.83242 -1.43839 -0.577888 
4.84775 -1.21996 -0.654085 
4.84052 -1.55386 -0.639346 
4.86911 -1.55885 -0.82373 
4.93351 -1.53461 -1.10419 
5.01397 -1.40967 -1.15835 
4.88292 -1.23451 -1.14295 
4.87025 -1.12306 -1.00788 
4.8833 -1.11774 -0.789277 
5.06092 -1.42331 -0.597891 
5.18407 -1.34784 -0.633466 
5.09978 -1.57527 -0.639156 
5.18891 -1.59036 -0.762719 
5.20499 -1.55683 -0.937234 
5.20293 -1.43899 -1.01264 
5.18046 -1.35788 -1.00341 
5.15967 -1.27831 -0.89355 
5.24533 -1.27865 -0.72314 
5.32366 -1.50838 -0.516583 
5.45258 -1.42296 -0.573415 
5.2598 -1.5695 -0.576232 
5.36058 -1.58528 -0.697428 
5.39235 -1.55475 -0.8317 
5.39085 -1.46148 -0.915055 
5.41375 -1.42557 -0.898148 
5.44851 -1.34731 -0.814037 
5.51396 -1.3788 -0.671289 
5.42776 -1.51936 -0.484548 
5.51352 -1.47087 -0.524925 
5.40196 -1.66428 -0.512616 
5.44566 -1.64673 -0.648493 
5.48946 -1.55588 -0.822811 
5.46122 -1.48445 -0.95704 
5.50472 -1.42948 -0.916856 
5.53676 -1.36803 -0.826471 
5.603 -1.3815 -0.626989 
-4.27499 0.741947 -0.974819 
-4.28192 0.723087 -0.860305 
-4.25967 0.758617 -0.892382 
-4.26116 0.764145 -0.926517 
-3.87685 1.05877 -0.854194 
-3.61849 1.44246 -0.535786 
-3.62883 1.54837 -0.733745 
-3.85995 1.17991 -0.958901 
-3.88563 0.990742 -0.802572 
-3.55056 1.20109 -0.493044 
-3.89274 0.932091 -0.715337 
-3.58414 1.01463 -0.533179 
-3.9106 0.812744 -0.621843 
-3.59542 0.955826 -0.538599 
-3.91436 0.718723 -0.770513 
-3.66188 0.81002 -0.469606 
-3.91961 0.63023 -0.953316 
-3.69108 0.67844 -0.667193 
-3.91146 0.536613 -1.10241 
-3.69737 0.620956 -0.858295 
-3.91356 0.47686 -1.18967 
-3.61959 0.555229 -1.0773 
-3.95164 0.428307 -1.26251 
-3.61032 0.525002 -1.1616 
-3.82048 0.472473 -1.6002 
-3.53385 0.523788 -1.68728 
-3.55909 0.480099 -1.42366 
-3.87373 0.429672 -1.43962 
-3.89024 0.761047 -1.66148 
-3.50785 0.792622 -1.7895 
-3.8222 1.09034 -1.58468 
-3.46696 1.29384 -1.68306 
-3.83506 1.18811 -1.55111 
-3.44521 1.45302 -1.65615 
-3.81332 1.22553 -1.59486 
-3.78743 1.28799 -1.52016 
-3.46809 1.59531 -1.53682 
-3.4821 1.53517 -1.62365 
-3.77186 1.31526 -1.41336 
-3.50901 1.58031 -1.36252 
-3.8016 1.29005 -1.26383 
-3.51449 1.58139 -1.18802 
-3.8068 1.27682 -1.09077 
-3.57922 1.56424 -1.00111 
-3.33489 1.60812 -0.321495 
-3.32225 1.76015 -0.527186 
-3.30718 1.02469 -0.276083 
-3.22678 0.754528 -0.236703 
-3.31208 0.492435 -0.09673 
-3.40261 0.358227 -0.013746 
-3.331 0.422112 -0.300501 
-3.3052 0.436607 -0.567064 
-3.30513 0.42667 -0.870251 
-3.29997 0.465935 -1.01741 
-3.56516 0.51228 -1.25791 
-3.33126 0.492813 -1.18768 
-3.55596 0.509422 -1.32805 
-3.29975 0.49762 -1.30456 
-3.33392 0.722717 -1.42021 
-3.33321 0.656719 -1.73998 
-3.32581 0.796871 -1.78436 
-3.23687 1.32891 -1.67673 
-3.20357 1.53027 -1.6351 
-3.17 1.62212 -1.65012 
-3.1688 1.75274 -1.54433 
-3.14905 1.78015 -1.34487 
-3.18726 1.76656 -1.08962 
-3.23766 1.76797 -0.831932 
-3.09954 1.60986 -0.202574 
-3.06193 1.79886 -0.359388 
-3.07015 0.937607 -0.154659 
-3.1129 0.726692 -0.139266 
-3.16863 0.309559 0.053568 
-3.28904 0.248974 0.04038 
-3.01009 0.053185 -0.071048 
-3.01707 -0.042202 -0.301107 
-3.04884 0.125702 -0.70097 
-3.08493 0.209003 -0.946804 
-3.1827 0.375443 -1.17049 
-3.10981 0.760212 -1.2511 
-3.18851 0.717632 -1.72817 
-3.21437 0.610504 -1.52891 
-3.07258 0.916122 -1.74768 
-2.99228 1.30058 -1.64301 
-2.98492 1.46676 -1.66147 
-2.93915 1.64058 -1.6345 
-2.88989 1.80196 -1.52708 
-2.87169 1.86044 -1.33635 
-2.87187 1.80271 -1.07511 
-2.91734 1.81244 -0.689233 
-2.58024 1.3707 -0.095996 
-2.50254 1.479 -0.204376 
-2.76372 0.865925 -0.115807 
-2.83132 0.683384 -0.096607 
-2.8127 0.429192 -0.076519 
-2.81077 0.327885 -0.086699 
-2.7426 0.239395 -0.260506 
-2.76753 0.217957 -0.586717 
-2.81772 0.390312 -0.834998 
-2.82385 0.493881 -0.928665 
-2.8092 0.611858 -1.10355 
-2.94757 0.523155 -1.58287 
-2.92874 0.525055 -1.40924 
-2.90532 0.61412 -1.68015 
-2.79903 0.790485 -1.65486 
-2.71906 1.09528 -1.60429 
-2.6276 1.25316 -1.6502 
-2.5189 1.44717 -1.55421 
-2.42053 1.60656 -1.42606 
-2.42805 1.64234 -1.28276 
-2.45097 1.5509 -1.00067 
-2.48352 1.53244 -0.618114 
-2.40681 1.10368 -0.152772 
-2.33845 1.27136 -0.173482 
-2.47634 0.901184 -0.193547 
-2.49686 0.751274 -0.184377 
-2.48378 0.6665 -0.204776 
-2.43496 0.559372 -0.264015 
-2.50421 0.481766 -0.524592 
-2.54793 0.413689 -0.750023 
-2.58856 0.401741 -0.865738 
-2.67058 0.131645 -0.947511 
-2.74344 0.24292 -1.18911 
-2.8396 0.349663 -1.40692 
-2.7519 0.292252 -1.67166 
-2.66941 0.465405 -1.63432 
-2.61251 0.656898 -1.61746 
-2.50496 0.814751 -1.5712 
-2.32986 0.939419 -1.67036 
-2.14761 1.078 -1.58233 
-2.19789 1.40646 -1.43147 
-2.25326 1.42631 -1.28787 
-2.31324 1.37771 -1.00004 
-2.32405 1.29973 -0.70566 
-2.30554 0.960941 -0.437986 
-2.31218 1.0664 -0.54333 
-2.30286 0.869667 -0.423878 
-2.3131 0.780437 -0.420946 
-2.32412 0.70916 -0.439051 
-2.29801 0.662846 -0.421839 
-2.27684 0.513084 -0.588478 
-2.34291 0.342316 -0.823271 
-2.33543 0.332558 -0.940663 
-2.46193 -0.033485 -0.98408 
-2.50061 -0.008125 -1.3284 
-2.5941 0.007343 -1.53211 
-2.60092 0.073578 -1.66467 
-2.59639 0.411942 -1.65442 
-2.50329 0.605919 -1.65016 
-2.35005 0.747833 -1.67678 
-2.25343 0.805206 -1.65155 
-2.05833 0.967854 -1.52688 
-2.04513 1.16788 -1.39133 
-2.17424 1.22827 -1.24124 
-2.2484 1.20149 -0.996858 
-2.29867 1.14764 -0.768005 
-2.09082 0.884892 -0.570146 
-2.08452 0.96032 -0.667564 
-2.06392 0.821812 -0.542749 
-2.0742 0.759884 -0.525207 
-2.05994 0.685795 -0.521728 
-2.09271 0.577171 -0.496527 
-2.15509 0.406521 -0.638646 
-2.17254 0.235561 -0.863941 
-2.24541 0.086353 -0.957333 
-2.35511 -0.225712 -1.1469 
-2.37587 -0.247574 -1.38051 
-2.37281 -0.146793 -1.54476 
-2.46511 -0.000137 -1.64262 
-2.48776 0.295609 -1.73978 
-2.239 0.431435 -1.80552 
-2.11998 0.564781 -1.78547 
-2.05849 0.684959 -1.69453 
-1.93438 0.866436 -1.51902 
-1.93123 1.01695 -1.3528 
-1.9517 1.05795 -1.24367 
-1.9921 1.03922 -1.04645 
-2.06713 0.959641 -0.8425 
-1.84662 0.80426 -0.576368 
-1.82918 0.898048 -0.695253 
-1.85566 0.725651 -0.549108 
-1.91327 0.645317 -0.519652 
-1.89976 0.585526 -0.514715 
-1.95712 0.490963 -0.487146 
-1.98185 0.342812 -0.582326 
-2.07864 -0.09256 -0.830873 
-2.1935 -0.182938 -1.02098 
-2.20023 -0.265911 -1.23792 
-2.20936 -0.272495 -1.47046 
-2.20305 -0.195801 -1.57919 
-2.24648 -0.061806 -1.68024 
-2.23407 0.197247 -1.81764 
-2.19305 0.402515 -1.89159 
-2.02395 0.531982 -1.83916 
-1.93728 0.607006 -1.74182 
-1.79554 0.75613 -1.4541 
-1.7833 0.957958 -1.32976 
-1.77739 0.963165 -1.17861 
-1.73638 1.02798 -1.02289 
-1.7671 1.0064 -0.895819 
-1.72037 0.680477 -0.523735 
-1.66983 0.841286 -0.68387 
-1.718 0.604156 -0.508583 
-1.7645 0.541 -0.489736 
-1.78565 0.448917 -0.474771 
-1.82005 0.304115 -0.49929 
-1.84133 0.023678 -0.596371 
-1.82424 -0.17976 -0.884327 
-1.86846 -0.245945 -1.12143 
-1.96063 -0.275791 -1.31829 
-2.08856 -0.281387 -1.48799 
-2.07112 -0.187595 -1.60688 
-2.12596 -0.055824 -1.69627 
-2.1091 0.092045 -1.78642 
-2.00539 0.305092 -1.80446 
-1.89671 0.405067 -1.76356 
-1.82501 0.518181 -1.72035 
-1.71183 0.695545 -1.5215 
-1.62131 0.810562 -1.30466 
-1.58152 0.867851 -1.19582 
-1.58811 0.927311 -1.01545 
-1.6077 0.922337 -0.89905 
-1.62516 0.68935 -0.5618 
-1.53741 0.847675 -0.700333 
-1.63236 0.563526 -0.516004 
-1.64309 0.476112 -0.524302 
-1.62918 0.349094 -0.560377 
-1.664 0.153915 -0.636535 
-1.66715 0.003407 -0.80275 
-1.72072 -0.101612 -0.9853 
-1.77406 -0.193645 -1.15468 
-1.86582 -0.196106 -1.33739 
-1.89741 -0.129452 -1.48036 
-1.90174 -0.072437 -1.55588 
-1.9066 0.013107 -1.62808 
-1.88596 0.108337 -1.66603 
-1.90196 0.175533 -1.71676 
-1.844 0.335445 -1.69166 
-1.75975 0.488777 -1.62162 
-1.60175 0.599735 -1.54682 
-1.50072 0.789669 -1.33435 
-1.45739 0.806725 -1.16017 
-1.44272 0.904854 -1.03484 
-1.46282 0.901772 -0.930119 
-1.46078 0.60659 -0.750709 
-1.4296 0.653576 -0.851488 
-1.48225 0.554859 -0.708393 
-1.50333 0.434139 -0.696288 
-1.50273 0.377647 -0.713832 
-1.53765 0.236572 -0.761274 
-1.55005 0.116718 -0.842231 
-1.56587 0.101864 -0.935899 
-1.61646 -0.012367 -1.06142 
-1.65825 -0.062244 -1.21608 
-1.71357 -0.050491 -1.38691 
-1.71738 0.004055 -1.45082 
-1.75785 0.031895 -1.53925 
-1.78453 0.107468 -1.55398 
-1.78714 0.171371 -1.58225 
-1.75408 0.26511 -1.60895 
-1.66979 0.391708 -1.55346 
-1.59709 0.501114 -1.48735 
-1.4468 0.609413 -1.30828 
-1.42002 0.722267 -1.18195 
-1.40303 0.771374 -1.02685 
-1.42263 0.766975 -0.910399 
-1.45307 0.336136 -1.14682 
-4.28483 0.585495 -1.01289 
-4.07498 0.473232 -1.28791 
-4.05883 0.446404 -1.20985 
-4.28334 0.579975 -0.97876 
-4.2871 0.607216 -1.05727 
-4.05307 0.550446 -1.30439 
-3.97456 0.476627 -1.19872 
-3.98392 0.560894 -1.08526 
-4.28219 0.616135 -0.929023 
-3.99352 0.633308 -0.984847 
-3.97909 0.719013 -0.87263 
-4.29366 0.641212 -0.902754 
-3.96428 0.762398 -0.77562 
-4.293 0.679184 -0.864247 
-3.95079 0.826275 -0.711718 
-3.9638 0.88242 -0.694178 
-4.00589 0.970524 -0.788427 
-4.03345 0.995052 -0.854386 
-4.06225 1.01271 -0.967614 
-4.27582 0.664185 -1.04061 
-4.06665 0.637611 -1.29516 
-4.27565 0.703976 -1.01333 
-4.09289 0.738098 -1.28411 
-4.05757 0.810196 -1.26688 
-4.06756 0.951588 -1.13626 
-4.05624 0.886642 -1.18936 
-3.93182 0.44577 -1.36624 
-3.95434 0.425041 -1.33221 
-1.89733 0.036201 -0.14539 
-1.72227 0.058174 -0.176503 
-1.74902 -0.074394 -0.386753 
-1.87485 -0.065594 -0.362257 
-1.852 0.153629 -0.002592 
-1.69129 0.131138 -0.002579 
-1.86027 0.10955 0.208801 
-1.67132 0.093994 0.202873 
-1.90189 -0.067505 0.400738 
-1.77947 -0.206764 0.464146 
-1.96617 -0.333321 0.464959 
-1.81194 -0.383461 0.542665 
-2.02657 -0.549541 0.498163 
-1.87681 -0.57272 0.560348 
-2.08405 -0.673103 0.453473 
-1.93299 -0.734386 0.551976 
-2.1172 -0.876877 0.393166 
-2.01015 -0.951878 0.493232 
-2.1355 -0.883606 0.311413 
-2.11622 -1.05125 0.285343 
-2.14034 -0.850868 0.208508 
-2.11579 -1.11645 0.207977 
-2.11188 -0.794579 0.094412 
-2.03299 -0.975201 0.045664 
-2.10186 -0.712414 -0.076342 
-2.02027 -0.772499 -0.11482 
-2.15522 -0.584892 -0.275447 
-2.07929 -0.661861 -0.308862 
-2.2061 -0.451641 -0.459838 
-2.13666 -0.507557 -0.523502 
-2.17287 -0.302788 -0.625929 
-2.04601 -0.523731 -0.747648 
-2.15229 -0.274246 -0.688237 
-1.95675 -0.376072 -0.76601 
-2.0033 -0.19384 -0.55908 
-1.88197 -0.169884 -0.660742 
-1.4606 0.069508 -0.225643 
-1.60762 -0.109047 -0.457709 
-1.40946 0.127014 -0.067718 
-1.40869 -0.003605 0.148606 
-1.53142 -0.240276 0.472264 
-1.68814 -0.408489 0.626732 
-1.71146 -0.513378 0.632476 
-1.75234 -0.739525 0.587848 
-1.8124 -0.97739 0.47144 
-1.83305 -1.17501 0.338762 
-1.83171 -1.26762 0.174026 
-1.86389 -1.15507 -0.015566 
-1.81646 -0.890751 -0.172337 
-1.80333 -0.764191 -0.311825 
-1.83546 -0.722878 -0.542465 
-1.80241 -0.644413 -0.749801 
-1.71647 -0.508327 -0.747562 
-1.65448 -0.297375 -0.693011 
-1.30302 0.07386 -0.214833 
-1.37293 -0.19252 -0.330897 
-1.3019 0.100746 -0.07602 
-1.28903 -0.03426 0.165896 
-1.45526 -0.284611 0.490699 
-1.57254 -0.45034 0.638488 
-1.63268 -0.622993 0.625184 
-1.64867 -0.776546 0.57421 
-1.68407 -0.980461 0.462673 
-1.69507 -1.18799 0.339453 
-1.65438 -1.27254 0.106796 
-1.63823 -1.20072 -0.156383 
-1.64735 -1.07062 -0.233563 
-1.54512 -0.906052 -0.422663 
-1.56254 -0.787209 -0.633394 
-1.57418 -0.700836 -0.715293 
-1.56355 -0.558338 -0.695161 
-1.4862 -0.346203 -0.574576 
-1.17126 -0.03241 -0.21401 
-1.2232 -0.209908 -0.330356 
-1.13522 0.01878 -0.060686 
-1.08467 -0.076092 0.113313 
-1.22349 -0.357327 0.416446 
-1.38848 -0.509117 0.55066 
-1.47603 -0.694649 0.630668 
-1.56533 -0.836525 0.587382 
-1.60664 -0.980732 0.460114 
-1.62006 -1.11804 0.301168 
-1.4856 -1.19689 0.096269 
-1.51326 -1.25829 -0.098253 
-1.46421 -1.13547 -0.285668 
-1.43188 -0.91544 -0.43603 
-1.42202 -0.800243 -0.55533 
-1.4297 -0.702885 -0.632296 
-1.40808 -0.570431 -0.576392 
-1.32011 -0.401398 -0.471064 
-1.02913 -0.11615 -0.150887 
-1.07823 -0.249905 -0.236771 
-0.988066 -0.086308 0.007185 
-1.01558 -0.142323 0.147202 
-1.14778 -0.401478 0.434892 
-1.24775 -0.592941 0.587874 
-1.41102 -0.734325 0.649434 
-1.50627 -0.892448 0.611423 
-1.51811 -1.03008 0.50393 
-1.51174 -1.14898 0.380243 
-1.39836 -1.17466 0.155421 
-1.35165 -1.24274 -0.08292 
-1.33788 -1.18222 -0.299576 
-1.29596 -0.972317 -0.440073 
-1.30283 -0.803677 -0.450674 
-1.2742 -0.687298 -0.400231 
-1.22213 -0.537041 -0.396984 
-1.16069 -0.402508 -0.347365 
-0.91985 -0.25602 -0.076942 
-0.958522 -0.362087 -0.137236 
-0.854019 -0.192444 0.060249 
-0.899583 -0.260319 0.179954 
-0.997813 -0.495445 0.456229 
-1.21619 -0.618206 0.632982 
-1.38092 -0.764824 0.705339 
-1.47117 -0.906967 0.636129 
-1.46623 -1.07037 0.533237 
-1.4113 -1.19736 0.387806 
-1.28272 -1.17853 0.157179 
-1.22704 -1.14777 -0.040431 
-1.17807 -1.13353 -0.283835 
-1.16175 -1.00162 -0.382473 
-1.11174 -0.895267 -0.383961 
-1.07543 -0.680355 -0.344451 
-1.00519 -0.555771 -0.310693 
-0.992412 -0.451336 -0.228927 
-0.806884 -0.352749 0.027844 
-0.844003 -0.453354 -0.042642 
-0.743945 -0.332474 0.159921 
-0.826603 -0.397545 0.301835 
-0.935515 -0.508041 0.511126 
-1.08265 -0.686382 0.675456 
-1.255 -0.817181 0.753092 
-1.37589 -0.971771 0.674696 
-1.39764 -1.13664 0.567546 
-1.3359 -1.24732 0.442162 
-1.18738 -1.24311 0.19534 
-1.0989 -1.1942 -0.003095 
-1.03991 -1.07612 -0.241902 
-1.00308 -0.964584 -0.294495 
-0.974029 -0.837669 -0.342011 
-0.951251 -0.737755 -0.312044 
-0.89811 -0.636562 -0.148979 
-0.886124 -0.53196 -0.09294 
-0.671668 -0.453007 0.07032 
-0.693689 -0.547306 0.004433 
-0.647406 -0.391617 0.162145 
-0.711265 -0.482971 0.360096 
-0.833565 -0.58894 0.518491 
-1.00256 -0.713951 0.637175 
-1.21351 -0.847183 0.746808 
-1.3483 -1.00801 0.714869 
-1.37767 -1.19546 0.597647 
-1.30274 -1.30488 0.487676 
-1.1004 -1.29793 0.249348 
-0.964405 -1.2621 0.065306 
-0.894617 -1.11031 -0.184224 
-0.856929 -0.998722 -0.211502 
-0.80135 -0.87571 -0.218656 
-0.740013 -0.779369 -0.158632 
-0.725724 -0.707451 -0.077064 
-0.713802 -0.603065 -0.020617 
-0.482317 -0.544708 0.085385 
-0.530067 -0.602219 0.030157 
-0.474363 -0.495075 0.208546 
-0.581718 -0.600105 0.40764 
-0.710385 -0.722572 0.545978 
-0.971454 -0.777428 0.666946 
-1.14938 -0.924889 0.750252 
-1.3318 -1.00161 0.74538 
-1.3389 -1.19838 0.627497 
-1.25408 -1.31855 0.527174 
-1.05605 -1.32216 0.284533 
-0.752223 -1.28671 0.084638 
-0.717513 -1.16459 -0.143298 
-0.709335 -1.104 -0.143645 
-0.647678 -0.963867 -0.130535 
-0.617041 -0.842205 -0.090296 
-0.591314 -0.731812 -0.080914 
-0.54546 -0.64138 -0.025882 
-2.0422 -0.40641 -0.008971 
-0.803393 -0.902351 0.241641 
-5.31312 -1.21648 -1.12209 
-4.97569 -1.67844 -1.18308 
-5.07982 -1.68656 -0.894892 
-5.37662 -1.28072 -0.984138 
-5.24947 -1.12382 -1.25223 
-4.86765 -1.58037 -1.41093 
-5.17088 -1.05176 -1.3144 
-4.75427 -1.3162 -1.51674 
-5.11473 -0.839668 -1.37913 
-4.6946 -0.770947 -1.43524 
-5.06588 -0.687973 -1.40028 
-4.68012 -0.603176 -1.383 
-5.03685 -0.551785 -1.36388 
-4.67329 -0.507404 -1.37135 
-5.04827 -0.450138 -1.33361 
-4.62213 -0.430542 -1.34473 
-5.05882 -0.320641 -1.2948 
-4.60682 -0.306168 -1.31024 
-5.14006 -0.102642 -1.20279 
-4.62069 -0.018555 -1.1262 
-5.20505 0.116653 -1.08236 
-4.66286 0.160805 -0.969582 
-5.25064 0.197964 -0.949022 
-4.72043 0.207832 -0.810106 
-5.36439 0.157387 -0.804007 
-4.79256 0.286457 -0.634787 
-5.40758 0.112141 -0.60293 
-5.00754 0.212742 -0.463114 
-5.48268 0.013042 -0.438658 
-5.21365 0.067837 -0.302999 
-5.56209 -0.203922 -0.343142 
-5.31164 -0.180126 -0.159258 
-5.62852 -0.537678 -0.288132 
-5.45489 -0.548664 -0.155726 
-5.63324 -0.888653 -0.274329 
-5.4744 -0.887508 -0.171916 
-5.58125 -1.14616 -0.48937 
-5.39473 -1.20649 -0.212886 
-5.55652 -1.2116 -0.630546 
-5.31756 -1.40688 -0.284238 
-5.51333 -1.27089 -0.707198 
-5.25592 -1.52384 -0.359976 
-5.48123 -1.29232 -0.816633 
-5.1823 -1.63391 -0.469776 
-5.45641 -1.26607 -0.886346 
-5.15923 -1.67637 -0.639057 
-4.6169 -1.84103 -1.12487 
-4.73468 -1.86044 -0.838649 
-4.48677 -1.6947 -1.36632 
-4.42735 -1.47677 -1.47918 
-4.39945 -0.873207 -1.31786 
-4.35858 -0.630505 -1.28197 
-4.30723 -0.517803 -1.28484 
-4.27861 -0.409534 -1.25686 
-4.28271 -0.284344 -1.24002 
-4.20691 0.037479 -1.08538 
-4.25233 0.210995 -0.880633 
-4.27209 0.279747 -0.714316 
-4.33683 0.382431 -0.552476 
-4.55689 0.297451 -0.368587 
-4.78361 0.125168 -0.233756 
-4.97988 -0.185524 -0.083036 
-5.10952 -0.514793 -0.069246 
-5.15441 -0.820091 -0.072749 
-5.11311 -1.16869 -0.083331 
-4.93906 -1.50308 -0.025095 
-4.79932 -1.70832 -0.054869 
-4.78607 -1.83598 -0.262438 
-4.82023 -1.82597 -0.515064 
-4.16891 -1.81342 -0.962173 
-4.33889 -1.81449 -0.704363 
-4.14662 -1.72433 -1.1628 
-4.16302 -1.41277 -1.28558 
-4.12089 -0.825344 -1.21488 
-4.0553 -0.564323 -1.21135 
-4.01654 -0.434639 -1.20812 
-3.98291 -0.31562 -1.1923 
-3.92021 -0.204426 -1.19195 
-3.97616 0.231617 -1.06457 
-4.06237 0.358673 -0.948674 
-4.13273 0.42226 -0.782607 
-4.1871 0.550339 -0.525455 
-4.13555 0.62273 -0.340796 
-4.46587 0.267937 -0.182416 
-4.73916 -0.114502 -0.053997 
-4.93655 -0.537739 -0.020108 
-4.95268 -0.807007 -0.021254 
-4.90515 -1.08817 -0.028125 
-4.77266 -1.44204 0.034345 
-4.48006 -1.58956 0.024687 
-4.49682 -1.80157 -0.23951 
-4.57403 -1.83189 -0.449025 
-4.06972 -1.5664 -0.826642 
-4.22897 -1.66114 -0.637142 
-3.99817 -1.50146 -0.950161 
-3.89535 -1.25121 -1.06865 
-3.78977 -0.687698 -1.08681 
-3.68437 -0.412128 -1.12348 
-3.67064 -0.284191 -1.16236 
-3.67306 -0.217308 -1.17278 
-3.68076 -0.109882 -1.19051 
-3.70836 0.190861 -1.1207 
-3.83999 0.343868 -0.972479 
-3.84414 0.444717 -0.842946 
-3.9303 0.555382 -0.651716 
-4.04422 0.653904 -0.296865 
-4.26481 0.35281 -0.105366 
-4.47145 -0.072025 -0.001248 
-4.6327 -0.551308 0.062315 
-4.62428 -0.81073 0.066224 
-4.51791 -1.03482 0.054679 
-4.39984 -1.33224 0.020244 
-4.31776 -1.52983 -0.025911 
-4.34532 -1.64869 -0.221742 
-4.3602 -1.67594 -0.427598 
-3.66538 -1.41174 -0.681667 
-3.71125 -1.42645 -0.461454 
-3.66154 -1.33268 -0.788954 
-3.59659 -1.1923 -0.865194 
-3.51346 -0.564476 -1.03167 
-3.44537 -0.31752 -1.12217 
-3.38828 -0.077068 -1.17841 
-3.37803 0.052948 -1.20709 
-3.33435 0.217804 -1.32828 
-3.42665 0.277344 -1.21652 
-3.41946 0.376694 -1.08376 
-3.44748 0.39201 -0.826989 
-3.56517 0.464294 -0.469305 
-3.83508 0.578468 -0.097501 
-3.97275 0.340801 -0.026302 
-4.18186 -0.125229 0.071274 
-4.23801 -0.641735 0.192403 
-4.19437 -0.869442 0.176692 
-4.09472 -1.0011 0.137472 
-3.993 -1.19164 0.071179 
-3.8865 -1.39088 -0.053109 
-3.82367 -1.44312 -0.149906 
-3.79271 -1.44112 -0.287369 
-3.41392 -1.37056 -0.657339 
-3.44778 -1.38641 -0.43426 
-3.38849 -1.31595 -0.719116 
-3.39937 -1.16154 -0.793171 
-3.39182 -0.504395 -1.03255 
-3.28209 -0.12133 -1.16814 
-3.24842 0.022022 -1.26501 
-3.21948 0.118824 -1.40447 
-3.18612 0.325974 -1.4383 
-3.16253 0.302052 -1.19835 
-3.24311 0.279903 -1.07108 
-3.2386 0.293663 -0.878387 
-3.41797 0.34988 -0.328781 
-3.63768 0.404457 0.065017 
-3.67312 -0.003349 0.115217 
-3.9009 -0.403793 0.173957 
-3.93838 -0.681469 0.277529 
-3.82801 -0.871468 0.225359 
-3.70932 -1.02442 0.158065 
-3.62593 -1.15737 0.090423 
-3.55398 -1.32406 -0.035376 
-3.48594 -1.36513 -0.144816 
-3.46979 -1.3679 -0.236891 
-3.13989 -1.36883 -0.597441 
-3.15986 -1.41663 -0.389844 
-3.07979 -1.31033 -0.686828 
-3.12486 -1.13138 -0.724908 
-3.14209 -0.555756 -0.995164 
-3.12832 -0.215195 -1.16234 
-3.07523 -0.072651 -1.24155 
-3.00095 -0.013908 -1.4969 
-2.88546 0.258739 -1.44563 
-2.96934 0.310955 -1.28196 
-3.0883 0.154655 -0.99988 
-3.16104 0.152622 -0.728102 
-3.26614 0.130669 -0.159807 
-3.35721 0.017868 0.17144 
-3.38737 -0.387714 0.247023 
-3.41459 -0.471569 0.38552 
-3.35835 -0.699364 0.288322 
-3.35647 -0.857891 0.227144 
-3.35466 -1.01693 0.166022 
-3.33564 -1.12941 0.06643 
-3.3167 -1.2424 -0.033108 
-3.28595 -1.35695 -0.12929 
-3.25385 -1.37839 -0.238722 
-2.6252 -1.29547 -0.50813 
-2.76933 -1.36548 -0.318243 
-2.62411 -1.18639 -0.596224 
-2.66047 -1.00637 -0.620233 
-2.74349 -0.50391 -0.909134 
-2.70899 -0.403946 -1.02375 
-2.73332 -0.24493 -1.17448 
-2.77081 -0.152527 -1.42764 
-2.57894 0.07122 -1.43385 
-2.88613 0.317097 -1.13977 
-2.99223 0.044106 -0.897764 
-3.07768 -0.134151 -0.446323 
-3.05529 -0.275108 -0.080924 
-3.07979 -0.242535 0.210482 
-3.11948 -0.336781 0.262358 
-3.14942 -0.482391 0.348153 
-3.20047 -0.691254 0.437601 
-3.08748 -0.858871 0.262274 
-3.05721 -1.00185 0.157724 
-3.03586 -1.07305 0.065109 
-3.03028 -1.20586 0.001152 
-2.96991 -1.2993 -0.10219 
-2.92659 -1.35868 -0.179275 
-2.4652 -1.12202 -0.430587 
-2.63633 -1.24308 -0.252304 
-2.41619 -1.02568 -0.55275 
-2.49446 -0.857117 -0.610012 
-2.62484 -0.537788 -0.812244 
-2.59547 -0.448486 -0.914268 
-2.53844 -0.360001 -0.985023 
-2.48353 -0.233078 -1.07387 
-2.43034 -0.082584 -1.19045 
-2.61736 0.062641 -0.789321 
-2.76481 -0.113258 -0.584364 
-2.80085 -0.178829 -0.330288 
-2.86803 -0.229927 -0.013648 
-2.90263 -0.194431 0.189821 
-2.94011 -0.283821 0.277794 
-3.0061 -0.481571 0.337358 
-3.03561 -0.661972 0.368296 
-2.92634 -0.908733 0.299824 
-2.88404 -0.987843 0.17769 
-2.86579 -1.05753 0.095471 
-2.85597 -1.13568 0.037043 
-2.79782 -1.26245 -0.110631 
-2.75546 -1.27836 -0.16954 
-2.38738 -0.922295 -0.366246 
-2.44356 -1.06221 -0.27631 
-2.33776 -0.797604 -0.480473 
-2.37135 -0.640179 -0.560976 
-2.49095 -0.483215 -0.651796 
-2.50621 -0.383373 -0.730951 
-2.46942 -0.330276 -0.789504 
-2.42537 -0.261066 -0.824173 
-2.33556 -0.226936 -0.854003 
-2.46903 -0.166386 -0.692284 
-2.5928 -0.129242 -0.488355 
-2.70515 -0.093086 -0.281256 
-2.74171 -0.095299 0.036346 
-2.71908 -0.087326 0.210847 
-2.77763 -0.240562 0.302097 
-2.82703 -0.436989 0.390641 
-2.82918 -0.658104 0.361849 
-2.75448 -0.879757 0.329168 
-2.71412 -1.00073 0.200244 
-2.69409 -1.05695 0.117009 
-2.66685 -1.16139 -0.005889 
-2.63354 -1.20575 -0.087344 
-2.55728 -1.17495 -0.15649 
-2.32553 -0.858894 -0.419665 
-2.32789 -1.03321 -0.310459 
-2.27072 -0.739922 -0.471154 
-2.30269 -0.577507 -0.515259 
-2.36021 -0.453819 -0.572863 
-2.38182 -0.457855 -0.626612 
-2.37883 -0.363888 -0.724388 
-2.33353 -0.310158 -0.768386 
-2.29238 -0.202484 -0.821837 
-2.3389 -0.085739 -0.633396 
-2.27177 0.01133 -0.448217 
-2.2797 0.085949 -0.315848 
-2.34088 0.094425 0.042291 
-2.30865 0.071045 0.296361 
-2.26239 -0.023258 0.358604 
-2.30505 -0.215611 0.387331 
-2.37117 -0.504456 0.375808 
-2.42794 -0.808697 0.369008 
-2.48057 -1.02549 0.217078 
-2.47074 -1.10365 0.15865 
-2.43966 -1.18134 0.032863 
-2.36859 -1.14483 -0.099028 
-2.35595 -1.07367 -0.154215 
-2.20323 -0.786854 -0.337283 
-2.1972 -0.923611 -0.24326 
-2.201 -0.648972 -0.417369 
-2.19004 -0.482662 -0.475467 
-2.17505 -0.37825 -0.486751 
-2.16251 -0.315033 -0.504584 
-2.13497 -0.263531 -0.492903 
-2.09657 -0.205444 -0.515058 
-2.0539 -0.121773 -0.54029 
-1.95468 -0.046146 -0.464546 
-1.92202 -0.024712 -0.27744 
-1.98441 0.047413 -0.135297 
-2.03668 0.009029 0.098597 
-2.14501 0.007118 0.239874 
-2.18993 -0.026134 0.329593 
-2.21706 -0.165848 0.367134 
-2.24989 -0.436356 0.337435 
-2.2399 -0.726711 0.406807 
-2.28068 -1.02528 0.269962 
-2.26941 -1.11848 0.201722 
-2.27243 -1.16369 0.074552 
-2.25226 -1.10387 -0.049908 
-2.24467 -1.02706 -0.168266 
-2.15972 -0.475082 -0.120989 
-5.51196 -0.621956 -0.96167 
-0.374413 -0.655197 -0.161352 
-0.326746 -0.642479 -0.329576 
-0.241194 -0.308537 -0.380651 
-0.355934 -0.310471 0.027545 
-0.405133 -0.331863 0.0818 
-0.447543 -0.569576 0.06445 
-0.173437 0.452137 -0.317021 
-0.29006 0.374752 0.165316 
-0.386941 0.132931 0.190487 
-0.489317 0.207275 0.229269 
-0.261915 0.041641 -0.529273 
-0.347028 -0.587109 -0.464477 
-0.329664 -0.451653 -0.510857 
-0.723495 -0.500587 -0.607528 
-0.641448 -0.017647 -0.597594 
-0.97116 -0.200974 -0.694666 
-0.925861 -0.086697 -0.684174 
-0.778274 0.00177 -0.492698 
-0.63585 0.436493 -0.345327 
-0.915989 0.459064 -0.464685 
-0.976502 0.325947 -0.59566 
-1.13082 0.092579 -0.66394 
-0.246811 0.275787 -0.434708 
-1.12211 0.479294 -0.421851 
-1.2635 -0.160255 -0.578556 
-1.04499 -0.293243 -0.57351 
-1.04953 -0.451572 -0.501888 
-1.0519 -0.442577 -0.339141 
-0.927124 -0.500484 -0.20522 
-0.829736 -0.26004 -0.080646 
-1.03567 -0.201241 -0.318119 
-0.507967 -0.617348 0.02243 
-0.612222 -0.078972 0.038453 
-1.06121 0.079132 -0.26745 
-0.697266 0.282188 0.081691 
-0.621117 0.452808 0.074647 
-1.29436 -0.16074 -0.414655 
-1.03486 0.310642 -0.169859 
-1.06993 0.428455 -0.224872 
-0.649713 0.5219 -0.513455 
-0.489396 0.612812 -0.807083 
-0.845238 0.713139 -0.942878 
-0.946475 0.696636 -0.658858 
-0.082429 0.45332 -0.895557 
-0.385117 0.589157 -1.02988 
-0.159762 0.434875 -0.688447 
-0.791199 0.560398 -1.20048 
-0.300168 0.381954 -0.450173 
-0.939346 0.306786 -0.959143 
-1.003 0.286388 -0.798813 
-0.699271 0.110924 -0.676344 
-0.194702 0.048843 -0.852034 
-0.502985 0.185257 -0.967933 
-0.253866 0.028522 -0.704713 
-0.885159 0.29055 -1.11027 
-0.353896 -0.028595 -0.599334 
-1.05758 -0.082729 -0.912792 
-1.03345 -0.099579 -0.975409 
-0.694144 -0.271309 -0.842471 
-0.757558 -0.259518 -0.74631 
-0.427107 -0.351776 -0.793507 
-0.612456 -0.217472 -0.971564 
-0.380058 -0.30006 -0.884263 
-1.00665 -0.112976 -1.0364 
-0.497013 -0.343174 -0.689018 
-1.56129 0.606091 -1.16704 
-1.57424 -0.47636 -1.30244 
-1.55438 -0.487602 -1.03447 
-1.56854 0.672646 -1.03572 
-0.885904 0.678322 -1.00421 
-0.985577 -0.356277 -0.883304 
-0.900149 0.63707 -1.16591 
-1.55066 0.6479 -0.873915 
-1.4195 0.616322 -0.808624 
-1.40379 0.724159 -1.0153 
-1.55396 0.260784 -0.63065 
-1.44353 0.281395 -0.585105 
-1.5442 0.074409 -0.582655 
-1.45245 0.013775 -0.579205 
-1.47806 -0.188728 -0.819456 
-1.41212 -0.21059 -0.810594 
-1.49144 -0.309639 -0.897187 
-1.4427 -0.346256 -0.860816 
-1.48833 -0.416264 -0.955612 
-1.44031 -0.439793 -0.919263 
-1.46591 -0.548473 -1.04192 
-1.49834 -0.511253 -1.30736 
-1.61592 -0.452564 -1.41163 
-1.53273 -0.51384 -1.44164 
-1.76123 -0.356094 -1.66348 
-1.66893 -0.470428 -1.71909 
-1.8718 -0.257015 -1.78161 
-1.78289 -0.358032 -1.89539 
-1.91276 -0.153126 -1.82121 
-1.80221 -0.212967 -2.03527 
-1.86182 -0.122791 -1.76205 
-1.76599 -0.116951 -2.02123 
-1.78265 0.042831 -1.75941 
-1.64234 0.078732 -1.88704 
-1.70351 0.248726 -1.60294 
-1.50789 0.341484 -1.69659 
-1.56841 0.498482 -1.36489 
-1.42811 0.574451 -1.43432 
-1.40175 0.71022 -1.20541 
-1.29199 0.598557 -0.802391 
-1.33092 0.742153 -1.02074 
-1.318 0.236774 -0.54258 
-1.39807 -0.008854 -0.56766 
-1.4019 -0.236744 -0.824242 
-1.37666 -0.36874 -0.899546 
-1.31427 -0.41843 -1.00794 
-1.312 -0.498405 -1.11366 
-1.40642 -0.531898 -1.29286 
-1.44163 -0.561474 -1.4858 
-1.52916 -0.487579 -1.81038 
-1.59575 -0.425797 -2.05615 
-1.63382 -0.215027 -2.10961 
-1.56883 -0.117054 -2.07893 
-1.51201 0.127235 -1.9533 
-1.35119 0.392281 -1.75733 
-1.27981 0.61116 -1.43321 
-1.27141 0.745789 -1.17681 
-1.14639 0.567852 -0.776368 
-1.14538 0.741379 -1.02816 
-1.21139 0.230267 -0.519554 
-1.22324 -0.037571 -0.5251 
-1.26732 -0.281216 -0.748363 
-1.22332 -0.37215 -0.887362 
-1.19102 -0.410213 -1.01276 
-1.1481 -0.420876 -1.18857 
-1.19729 -0.531113 -1.30576 
-1.28548 -0.497665 -1.5937 
-1.35478 -0.502766 -1.81456 
-1.35992 -0.436878 -2.06339 
-1.35946 -0.276653 -2.12503 
-1.35121 -0.102589 -2.10565 
-1.26918 0.156536 -1.9744 
-1.1692 0.404388 -1.77578 
-1.10848 0.595745 -1.44926 
-1.13294 0.741898 -1.17284 
-1.04753 0.53458 -0.739503 
-1.02337 0.709106 -0.996665 
-1.12824 0.209599 -0.491366 
-1.14142 -0.032047 -0.496514 
-1.1355 -0.272362 -0.719719 
-1.10738 -0.390682 -0.878445 
-1.0343 -0.30629 -1.06213 
-0.965439 -0.315208 -1.23231 
-1.06641 -0.442493 -1.31349 
-1.20532 -0.50605 -1.62423 
-1.24958 -0.482655 -1.83916 
-1.24414 -0.402195 -1.99596 
-1.24191 -0.28233 -2.05743 
-1.19484 -0.172455 -2.0461 
-1.16084 0.057079 -1.96257 
-1.03865 0.332588 -1.81705 
-0.951504 0.526356 -1.43698 
-0.976164 0.685528 -1.20827 
-0.84196 0.495129 -0.774789 
-1.03575 0.188992 -0.476533 
-1.02056 0.069698 -0.442881 
-1.0595 -0.267174 -0.665996 
-0.874654 -0.215714 -1.05322 
-0.828742 -0.226254 -1.26518 
-0.954792 -0.381516 -1.35229 
-1.07273 -0.456741 -1.6318 
-1.1308 -0.447849 -1.80788 
-1.12004 -0.367519 -1.94212 
-1.126 -0.301285 -2.00093 
-1.12178 -0.167488 -2.00382 
-1.01796 -0.026939 -1.95847 
-0.936798 0.299435 -1.81633 
-0.807599 0.535908 -1.45871 
0.086266 -0.55312 -0.385409 
0.029888 -0.602726 -0.064307 
-0.167611 -0.699303 -0.222694 
0.279501 -0.60981 -0.066212 
-0.084933 -0.255993 -0.40946 
0.104195 -0.332001 -0.390283 
-0.167284 -0.561142 -0.428089 
-0.001315 0.13953 -0.40763 
0.276826 -0.076721 -0.358691 
0.140028 -0.119205 -0.389931 
-0.006811 -0.020214 -0.417343 
0.460334 -0.240475 -0.26027 
0.409729 -0.521374 -0.204391 
0.172131 -0.545948 -0.328169 
0.49032 -0.107983 -0.085409 
0.340156 0.021313 -0.271214 
-0.182736 0.099705 -0.016307 
-0.111114 0.076443 0.098809 
0.18913 -0.062496 0.158547 
0.464834 -0.124645 -0.008785 
0.197515 -0.468166 0.087282 
0.373089 -0.582165 0.068781 
0.413968 -0.359936 0.145127 
2.52004 -1.40289 0.310324 
2.64759 -1.35641 0.339066 
2.71103 -1.40002 0.376718 
2.42996 -1.42365 0.336082 
2.50964 -1.44084 0.67724 
2.73708 -1.31354 0.675677 
2.63108 -1.16143 0.684227 
2.31656 -1.38034 0.613032 
-0.259245 -0.619663 -0.192292 
-0.213415 -0.460079 -0.128138 
-0.045003 -0.419735 -0.013314 
0.095179 -0.409122 0.049508 
-0.178616 0.018219 0.076138 
0.100957 -0.140133 0.149768 
0.315693 -0.242729 0.12237 
0.169005 -0.231976 0.02694 
2.66291 -1.47628 0.54996 
2.77567 -1.34253 0.409394 
2.75538 -1.34001 0.573429 
2.85962 -1.17554 0.421058 
2.81322 -1.15669 0.620965 
2.7689 -1.30538 0.356175 
2.82247 -1.06739 0.319899 
2.73145 -0.876263 0.568639 
2.66409 -1.23686 0.339494 
2.62424 -0.917294 0.259157 
2.55846 -1.19955 0.289199 
2.54813 -0.912052 0.598192 
2.46025 -1.15448 0.59243 
0.96927 -0.447861 -0.127935 
1.51879 -0.680981 0.028728 
1.48099 -0.758579 0.120001 
0.921716 -0.532108 -0.050305 
1.03559 -0.293266 0.058661 
1.60129 -0.499855 0.104272 
1.04891 -0.298367 0.126295 
1.58037 -0.533989 0.266682 
0.954946 -0.517567 0.21489 
1.50628 -0.737965 0.298271 
0.910025 -0.613262 0.143786 
1.50157 -0.790573 0.251558 
2.0257 -0.967506 0.201013 
1.97529 -1.00882 0.258652 
2.17602 -0.762569 0.213076 
2.16198 -0.791183 0.398691 
2.00006 -0.982204 0.405281 
2.38801 -1.11036 0.297059 
2.33052 -1.23844 0.358683 
2.46718 -0.826893 0.302779 
2.41126 -0.85791 0.518708 
2.32463 -1.07962 0.535277 
2.25917 -1.25461 0.528609 
4.03769 -1.48606 0.606499 
4.02292 -1.43172 0.656499 
4.0486 -1.4097 0.894275 
4.00969 -1.52076 0.749628 
2.75048 -1.31055 0.282025 
2.82299 -1.33341 0.276454 
2.79718 -1.47617 0.353061 
2.71265 -1.41058 0.372025 
2.81314 -1.04388 0.375667 
2.91805 -1.03265 0.424098 
2.79409 -0.991024 0.462454 
2.90504 -0.963352 0.4629 
2.73647 -1.03891 0.650753 
2.84235 -1.01402 0.699947 
2.69968 -1.17928 0.713718 
2.82752 -1.21373 0.762839 
2.65477 -1.38435 0.711651 
2.72494 -1.45026 0.715862 
2.64825 -1.4073 0.648322 
2.74049 -1.51817 0.652689 
2.69107 -1.37288 0.482034 
2.80556 -1.50204 0.500457 
2.9245 -1.39272 0.33371 
2.89049 -1.49065 0.386909 
2.99781 -1.05994 0.468012 
3.0081 -0.980911 0.522338 
3.02602 -1.03655 0.681413 
2.97407 -1.23203 0.752706 
2.89081 -1.48759 0.743665 
2.84358 -1.5357 0.711647 
2.86584 -1.46863 0.520545 
3.23811 -1.34739 0.504155 
3.24305 -1.43456 0.537277 
3.27665 -1.14579 0.567394 
3.31834 -1.11416 0.646963 
3.31203 -1.11761 0.707657 
3.26746 -1.21326 0.747745 
3.18796 -1.41272 0.729703 
3.192 -1.43795 0.679492 
3.21086 -1.44916 0.607297 
3.66383 -1.46394 0.58024 
3.62364 -1.47538 0.612269 
3.69032 -1.30177 0.627705 
3.73448 -1.26933 0.683352 
3.73484 -1.29152 0.793258 
3.70316 -1.36073 0.835498 
3.58139 -1.42714 0.807328 
3.60771 -1.47012 0.771203 
3.60325 -1.4916 0.683455 
3.84668 -1.54182 0.546828 
4.01937 -1.50738 0.542003 
3.99695 -1.5796 0.609783 
3.87724 -1.59053 0.584516 
3.89574 -1.35631 0.622512 
4.00162 -1.38599 0.644357 
3.93018 -1.33456 0.651421 
3.98454 -1.35983 0.705349 
3.91867 -1.36293 0.870723 
4.00221 -1.38816 0.878316 
3.88927 -1.40345 0.90248 
3.99461 -1.46067 0.922936 
3.83231 -1.64795 0.884638 
3.98867 -1.58716 0.928783 
3.84135 -1.53882 0.718401 
3.97736 -1.63963 0.900341 
3.99499 -1.58371 0.868089 
4.00151 -1.56076 0.931414 
4.03193 -1.40741 0.695932 
4.00662 -1.48961 0.91069 
4.75082 -1.52792 0.884666 
4.71596 -1.57719 0.994621 
4.7923 -1.60575 1.03707 
4.83621 -1.5437 0.898609 
4.89556 -1.66587 0.988217 
4.92553 -1.6155 0.912062 
5.05347 -1.73907 1.03688 
5.0851 -1.69435 0.937107 
5.10959 -1.78275 0.939389 
4.68371 -1.67022 0.987366 
4.7517 -1.72291 1.02794 
4.86494 -1.75422 0.98132 
5.03145 -1.80259 1.03194 
4.68631 -1.71402 0.870156 
4.75497 -1.77806 0.880334 
4.86677 -1.78505 0.898827 
5.0406 -1.82272 0.927116 
4.72116 -1.66478 0.760158 
4.79885 -1.71606 0.74182 
4.89401 -1.74255 0.822027 
5.05818 -1.81855 0.824126 
4.75342 -1.57175 0.767335 
4.83948 -1.5989 0.750857 
4.92193 -1.66205 0.828255 
5.08746 -1.73413 0.830642 
4.66079 -1.49633 0.870918 
4.66335 -1.53296 0.982098 
4.67162 -1.5948 0.868111 
4.58552 -1.49422 0.858837 
4.56153 -1.52545 1.00274 
4.35996 -1.46333 0.823767 
4.34059 -1.56669 0.917493 
4.11717 -1.37695 0.788478 
4.13429 -1.51581 0.947023 
4.06685 -1.36801 0.780749 
4.08361 -1.50789 0.94135 
4.13443 -1.51735 0.784767 
4.6583 -1.66935 0.975002 
4.55402 -1.7287 0.992159 
4.33812 -1.63346 0.914036 
4.08079 -1.68982 0.93036 
4.03004 -1.68377 0.924593 
4.65365 -1.68924 0.860907 
4.579 -1.67025 0.84973 
4.35351 -1.63767 0.814716 
4.10687 -1.65518 0.774038 
4.05642 -1.64995 0.766116 
4.69311 -1.65858 0.756209 
4.60021 -1.71436 0.701838 
4.36959 -1.6237 0.71628 
4.13099 -1.67424 0.614796 
4.08091 -1.66797 0.604817 
4.69816 -1.52219 0.763229 
4.60774 -1.51112 0.712319 
4.37207 -1.55693 0.719672 
4.18451 -1.50022 0.631347 
4.1345 -1.4921 0.621467 