0.0004668 -0.1 0 
0.000463 -0.1 -5.84e-05 
0.042186 -0.0999522 -0.0053292 
0.0411854 -0.0999522 -0.0105746 
0.041155 -0.092996 -0.0105668 
0.0395062 -0.092996 -0.0156416 
0.0306064 -0.0918288 -0.0121178 
0.0288462 -0.0918288 -0.0158584 
0.0231178 -0.0892606 -0.012709 
0.0213426 -0.0892606 -0.015506 
0.0152984 -0.0845912 -0.0111152 
0.013785 -0.0845912 -0.012945 
0.0090196 -0.0780544 -0.0084702 
0.007887 -0.0780544 -0.0095338 
0.0065474 -0.0687158 -0.0079148 
0.005504 -0.0687158 -0.008673 
0.006755 -0.0614784 -0.0106442 
0.0053676 -0.0614784 -0.011407 
0.007644 -0.0548924 -0.0162444 
0.0055476 -0.0548924 -0.0170746 
0.0066184 -0.0517632 -0.02037 
0.004013 -0.0517632 -0.0210386 
0.0040244 -0.047704 -0.0210978 
0.0013484 -0.047704 -0.021436 
0.0012164 -0.0456028 -0.0193388 
-0.0012168 -0.0456028 -0.0193388 
-0.0010408 -0.0407002 -0.016543 
-0.003106 -0.0407002 -0.0162818 
-0.0026248 -0.032529 -0.0137594 
-0.0043286 -0.032529 -0.013322 
-0.002525 0.0190664 -0.007771 
-0.003479 0.0190664 -0.0073934 
-0.0035784 0.0251366 -0.0076044 
-0.0045034 0.0251366 -0.0070962 
-0.0057382 0.0274038 -0.0090418 
-0.0068262 0.0274038 -0.0082514 
-0.0084824 0.028872 -0.0102534 
-0.0097008 0.028872 -0.0091094 
-0.0097008 0.0326074 -0.0091094 
-0.0107658 0.0326074 -0.0078218 
-0.0083104 0.0358758 -0.0060376 
-0.0090016 0.0358758 -0.0049484 
-0.007365 0.0410118 -0.0040488 
-0.0078144 0.0410118 -0.0030938 
-0.006946 0.0470818 -0.00275 
-0.007236 0.0470818 -0.0018578 
-0.009045 0.051518 -0.0023222 
-0.0092646 0.051518 -0.0011702 
-0.0132024 0.0533856 -0.0016678 
-0.0133072 0.0533856 0 
-0.0133072 0.0573546 0 
-0.0132024 0.0573546 0.0016678 
-0.0159818 0.0592222 0.002019 
-0.0156026 0.0592222 0.004006 
-0.0171856 0.0645918 0.0044124 
-0.016497 0.0645918 0.0065316 
-0.0171482 0.0795336 0.0067892 
-0.0161622 0.0795336 0.0088852 
-0.0165712 0.08537 0.0091102 
-0.0152988 0.08537 0.0111152 
-0.0177542 0.0909734 0.012899 
-0.0159974 0.0909734 0.0150224 
-0.0178696 0.092841 0.0167806 
-0.0156252 0.092841 0.018888 
-0.0171134 0.0930744 0.0206866 
-0.014386 0.0930744 0.022668 
-0.014511 0.0975102 0.0228656 
-0.0115308 0.0975102 0.024504 
-0.0112652 0.1 0.0239394 
-0.008176 0.1 0.0251624 
-0.0064208 0.0998448 0.019761 
-0.0038934 0.0998448 0.02041 
-0.0034998 0.0977436 0.018346 
-0.0011728 0.0977436 0.0186398 
-0.0009968 0.0940082 0.0158438 
0.0009966 0.0940082 0.0158438 
0.000806 0.0870044 0.0128144 
0.0024058 0.0870044 0.0126124 
0.0020558 0.0755642 0.010778 
0.0033906 0.0755642 0.0104354 
0.0028132 0.0678604 0.0086588 
0.0038764 0.0678604 0.008238 
0.0021866 0.0643582 0.0046472 
0.0027518 0.0643582 0.0043364 
0 0.0629576 0 
0.0032736 0.0643582 0.0039572 
0.003744 0.0643582 0.0035158 
0.0058034 0.0678604 0.0070152 
0.0066368 0.0678604 0.0062322 
0.006994 0.0755642 0.0084544 
0.0079984 0.0755642 0.0075112 
0.0081844 0.0870044 0.0098932 
0.0093596 0.0870044 0.0087896 
0.010119 0.0940082 0.012232 
0.0115724 0.0940082 0.0108672 
0.011905 0.0977436 0.0143906 
0.0136144 0.0977436 0.012785 
0.0132442 0.0998448 0.0160096 
0.0151464 0.0998448 0.0142236 
0.0168644 0.1 0.0203856 
0.0192866 0.1 0.0181114 
0.0172622 0.0975102 0.0208664 
0.0197412 0.0975102 0.0185384 
0.0171132 0.0930744 0.0206866 
0.019571 0.0930744 0.0183784 
0.015625 0.092841 0.018888 
0.0178694 0.092841 0.0167806 
0.0139882 0.0909734 0.016909 
0.015997 0.0909734 0.0150224 
0.0120534 0.08537 0.0145704 
0.0137846 0.08537 0.0129448 
0.011756 0.0795336 0.0142108 
0.0134446 0.0795336 0.0126254 
0.0113096 0.0645918 0.013671 
0.0129338 0.0645918 0.0121458 
0.0102676 0.0592222 0.0124118 
0.0117426 0.0592222 0.011027 
0.0084822 0.0573546 0.0102534 
0.0097004 0.0573546 0.0091094 
0.0084822 0.0533856 0.0102534 
0.0097004 0.0533856 0.0091094 
0.0059522 0.051518 0.0071952 
0.006807 0.051518 0.0063924 
0.0047616 0.0470818 0.005756 
0.0054456 0.0470818 0.0051138 
0.0053572 0.0410118 0.0064756 
0.0061264 0.0410118 0.0057532 
0.0065474 0.0358758 0.0079148 
0.007488 0.0358758 0.0070316 
0.0084822 0.0326074 0.0102534 
0.0097004 0.0326074 0.0091094 
0.0084822 0.028872 0.0102534 
0.0097004 0.028872 0.0091094 
0.006826 0.0274038 0.0082512 
0.0078062 0.0274038 0.0073308 
0.0053572 0.0251366 0.0064756 
0.0061264 0.0251366 0.0057532 
0.0052082 0.0190664 0.0062958 
0.0059562 0.0190664 0.0055932 
0.0089286 -0.032529 0.010793 
0.0102108 -0.032529 0.0095888 
0.0105654 -0.0407002 0.0127716 
0.0120828 -0.0407002 0.0113466 
0.0123512 -0.0456028 0.0149302 
0.0141252 -0.0456028 0.0132644 
0.0136906 -0.047704 0.0165492 
0.0156568 -0.047704 0.0147028 
0.0136522 -0.0517632 0.0165028 
0.0156126 -0.0517632 0.0146614 
0.0114436 -0.0548924 0.0138332 
0.0130872 -0.0548924 0.0122896 
0.0080356 -0.0614784 0.0097136 
0.0091898 -0.0614784 0.0086298 
0.0065474 -0.0687158 0.0079148 
0.007488 -0.0687158 0.0070316 
0.0078864 -0.0780544 0.0095338 
0.0090194 -0.0780544 0.0084698 
0.0120534 -0.0845912 0.0145704 
0.0137846 -0.0845912 0.0129448 
0.0168156 -0.0892606 0.0203268 
0.0192306 -0.0892606 0.0180588 
0.0209826 -0.0918288 0.0253638 
0.023996 -0.0918288 0.022534 
0.027084 -0.092996 0.032739 
0.0309736 -0.092996 0.0290862 
0.0271038 -0.0999522 0.0327632 
0.0309966 -0.0999522 0.0291078 
0.0002972 -0.1 0.0003596 
0.00034 -0.1 0.0003194 
0.000452 -0.1 -0.000116 
0.0395352 -0.0999522 -0.0156532 
0.0372342 -0.092996 -0.0204696 
0.0266312 -0.0918288 -0.0193488 
0.0192308 -0.0892606 -0.0180588 
0.0120534 -0.0845912 -0.0145706 
0.0066296 -0.0780544 -0.010447 
0.0043734 -0.0687158 -0.0092944 
0.0038952 -0.0614784 -0.0119896 
0.0033638 -0.0548924 -0.0176352 
0.0013446 -0.0517632 -0.021376 
-0.0013486 -0.047704 -0.021436 
-0.0036308 -0.0456028 -0.019034 
-0.0051222 -0.0407002 -0.0157642 
-0.0059642 -0.032529 -0.0126744 
-0.0043782 0.0190664 -0.006899 
-0.0053574 0.0251366 -0.0064758 
-0.0078064 0.0274038 -0.0073308 
-0.0107658 0.028872 -0.0078218 
-0.0116614 0.0326074 -0.0064108 
-0.0095508 0.0358758 -0.0037814 
-0.0081406 0.0410118 -0.00209 
-0.0074116 0.0470818 -0.0009362 
-0.0093382 0.051518 0 
-0.0132024 0.0533856 0.0016678 
-0.0128892 0.0573546 0.0033094 
-0.0149774 0.0592222 0.0059298 
-0.015548 0.0645918 0.0085476 
-0.014921 0.0795336 0.0108408 
-0.013785 0.08537 0.012945 
-0.0139884 0.0909734 0.016909 
-0.013135 0.092841 0.0206974 
-0.0114314 0.0930744 0.0242928 
-0.0083686 0.0975102 0.025756 
-0.0049576 0.1 0.025989 
-0.0013048 0.0998448 0.0207372 
0.0011726 0.0977436 0.0186398 
0.0029746 0.0940082 0.015594 
0.0039674 0.0870044 0.0122112 
0.0046718 0.0755642 0.0099282 
0.0048782 0.0678604 0.0076874 
0.0004338 -0.1 -0.0001716 
0.0372618 -0.0999522 -0.0204848 
0.034375 -0.092996 -0.024975 
0.0239962 -0.0918288 -0.022534 
0.0168156 -0.0892606 -0.0203268 
0.0101324 -0.0845912 -0.0159666 
0.0052682 -0.0780544 -0.0111958 
0.003174 -0.0687158 -0.0097692 
0.002362 -0.0614784 -0.0123834 
0.001127 -0.0548924 -0.0179178 
-0.0013448 -0.0517632 -0.021376 
-0.0040246 -0.047704 -0.0210978 
-0.005988 -0.0456028 -0.0184286 
-0.0070576 -0.0407002 -0.014998 
-0.0075056 -0.032529 -0.0118268 
-0.0052084 0.0190664 -0.0062958 
-0.0061266 0.0251366 -0.0057532 
-0.0086636 0.0274038 -0.0062944 
-0.0116614 0.028872 -0.0064108 
-0.0123728 0.0326074 -0.0048988 
-0.0099494 0.0358758 -0.0025544 
-0.0083382 0.0410118 -0.0010534 
-0.0074704 0.0470818 0 
-0.0092646 0.051518 0.0011702 
-0.0128892 0.0533856 0.0033094 
-0.0123728 0.0573546 0.0048988 
-0.0141162 0.0592222 0.0077604 
-0.0143544 0.0645918 0.010429 
-0.0134448 0.0795336 0.0126254 
-0.0120536 0.08537 0.0145706 
-0.0117588 0.0909734 0.0185288 
-0.0104372 0.092841 0.0221804 
-0.0082964 0.0930744 0.0255338 
-0.0050746 0.0975102 0.0266016 
-0.0016614 0.1 0.0264054 
0.0013044 0.0998448 0.0207372 
0.0034996 0.0977436 0.018346 
0.0049056 0.0940082 0.0150982 
0.0054668 0.0870044 0.011618 
0.0058792 0.0755642 0.0092644 
0.000409 -0.1 -0.0002244 
0.0344004 -0.0999522 -0.0249934 
0.0309738 -0.092996 -0.0290866 
0.0209826 -0.0918288 -0.0253638 
0.0141354 -0.0892606 -0.0222744 
0.0080514 -0.0845912 -0.0171104 
0.0038232 -0.0780544 -0.0117676 
0.0019246 -0.0687158 -0.01009 
0.0007914 -0.0614784 -0.0125818 
-0.0011274 -0.0548924 -0.0179178 
-0.0040134 -0.0517632 -0.0210386 
-0.006637 -0.047704 -0.020427 
-0.0082506 -0.0456028 -0.017533 
-0.0088816 -0.0407002 -0.0139952 
-0.0089288 -0.032529 -0.010793 
-0.0059564 0.0190664 -0.0055934 
-0.0067994 0.0251366 -0.00494 
-0.0093844 0.0274038 -0.0051588 
-0.0123728 0.028872 -0.0048988 
-0.0128894 0.0326074 -0.0033094 
-0.0101912 0.0358758 -0.0012874 
-0.0084046 0.0410118 0 
-0.0074116 0.0470818 0.0009362 
-0.009045 0.051518 0.0023222 
-0.0123728 0.0533856 0.0048988 
-0.0116614 0.0573546 0.0064108 
-0.0130322 0.0592222 0.0094682 
-0.0129342 0.0645918 0.0121458 
-0.0117562 0.0795336 0.0142108 
-0.0101328 0.08537 0.0159664 
-0.0093438 0.0909734 0.0198566 
-0.0075752 0.092841 0.0233136 
-0.0050308 0.0930744 0.0263724 
-0.0017004 0.0975102 0.027028 
0.0016612 0.1 0.0264054 
0.0038934 0.0998448 0.02041 
0.0057712 0.0977436 0.0177626 
0.0067592 0.0940082 0.0143644 
0.0068798 0.0870044 0.010841 
0.0003774 -0.1 -0.0002742 
0.0309966 -0.0999522 -0.0291078 
0.027084 -0.092996 -0.0327392 
0.017638 -0.0918288 -0.0277936 
0.0112324 -0.0892606 -0.0238704 
0.0058434 -0.0845912 -0.0179848 
0.0023184 -0.0780544 -0.012154 
0.0006446 -0.0687158 -0.0102518 
-0.0007916 -0.0614784 -0.0125818 
-0.003364 -0.0548924 -0.0176352 
-0.0066186 -0.0517632 -0.0203696 
-0.0091452 -0.047704 -0.0194342 
-0.0103826 -0.0456028 -0.0163606 
-0.0105656 -0.0407002 -0.0127716 
-0.0102112 -0.032529 -0.0095888 
-0.0066106 0.0190664 -0.0048026 
-0.007365 0.0251366 -0.0040488 
-0.009957 0.0274038 -0.0039422 
-0.0128894 0.028872 -0.0033094 
-0.0132024 0.0326074 -0.0016678 
-0.010272 0.0358758 0 
-0.0083382 0.0410118 0.0010534 
-0.007236 0.0470818 0.0018578 
-0.0086826 0.051518 0.0034376 
-0.0116614 0.0533856 0.0064108 
-0.0107658 0.0573546 0.0078218 
-0.0117428 0.0592222 0.011027 
-0.0113098 0.0645918 0.013671 
-0.0098824 0.0795336 0.015572 
-0.0080516 0.08537 0.0171104 
-0.0067814 0.0909734 0.020871 
-0.0045934 0.092841 0.0240792 
-0.0016858 0.0930744 0.0267948 
0.0017002 0.0975102 0.027028 
0.0049574 0.1 0.025989 
0.0064204 0.0998448 0.019761 
0.007952 0.0977436 0.0168994 
0.0085062 0.0940082 0.013404 
0.00034 -0.1 -0.0003194 
0.027104 -0.0999522 -0.0327634 
0.0227672 -0.092996 -0.0358756 
0.0140156 -0.0918288 -0.029785 
0.008152 -0.0892606 -0.0250898 
0.0035434 -0.0845912 -0.0185752 
0.0007766 -0.0780544 -0.0123488 
-0.0006448 -0.0687158 -0.0102518 
-0.0023624 -0.0614784 -0.0123834 
-0.0055478 -0.0548924 -0.0170746 
-0.0091194 -0.0517632 -0.0193796 
-0.0115086 -0.047704 -0.0181346 
-0.0123514 -0.0456028 -0.0149304 
-0.012083 -0.0407002 -0.0113466 
-0.0113324 -0.032529 -0.0082332 
-0.0071604 0.0190664 -0.0039362 
-0.0078144 0.0251366 -0.0030938 
-0.0103726 0.0274038 -0.002663 
-0.0132024 0.028872 -0.0016678 
-0.0133072 0.0326074 0 
-0.0101912 0.0358758 0.0012874 
-0.0081406 0.0410118 0.00209 
-0.006946 0.0470818 0.00275 
-0.0081832 0.051518 0.0044988 
-0.0107658 0.0533856 0.0078218 
-0.0097008 0.0573546 0.0091094 
-0.0102678 0.0592222 0.0124118 
-0.009507 0.0645918 0.0149808 
-0.0078528 0.0795336 0.016688 
-0.0058436 0.08537 0.0179848 
-0.004112 0.0909734 0.0215564 
-0.0015392 0.092841 0.0244652 
0.0016856 0.0930744 0.0267948 
0.0050744 0.0975102 0.0266016 
0.0081758 0.1 0.0251624 
0.0088466 0.0998448 0.0188004 
0.0100074 0.0977436 0.0157694 
0.0002972 -0.1 -0.0003596 
0.0227838 -0.0999522 -0.035902 
0.018091 -0.092996 -0.0384462 
0.010172 -0.0918288 -0.0313068 
0.004943 -0.0892606 -0.0259138 
0.001187 -0.0845912 -0.0188728 
-0.0007768 -0.0780544 -0.0123488 
-0.0019248 -0.0687158 -0.01009 
-0.0038954 -0.0614784 -0.0119896 
-0.0076442 -0.0548924 -0.0162444 
-0.0114766 -0.0517632 -0.018084 
-0.0136908 -0.047704 -0.0165494 
-0.0141254 -0.0456028 -0.0132646 
-0.01341 -0.0407002 -0.0097426 
-0.012275 -0.032529 -0.0067482 
-0.0075972 0.0190664 -0.003008 
-0.0081406 0.0251366 -0.00209 
-0.0106244 0.0274038 -0.0013422 
-0.0133072 0.028872 0 
-0.0132024 0.0326074 0.0016678 
-0.0099494 0.0358758 0.0025544 
-0.0078144 0.0410118 0.0030938 
-0.0065464 0.0470818 0.003599 
-0.0075548 0.051518 0.0054888 
-0.0097008 0.0533856 0.0091094 
-0.0084824 0.0573546 0.0102534 
-0.0086314 0.0592222 0.013601 
-0.0075546 0.0645918 0.0160542 
-0.0056992 0.0795336 0.0175406 
-0.0035434 0.08537 0.0185752 
-0.0013778 0.0909734 0.0219018 
0.001539 0.092841 0.0244652 
0.0050306 0.0930744 0.0263724 
0.0083684 0.0975102 0.0257558 
0.011265 0.1 0.0239394 
0.011133 0.0998448 0.0175434 
0.0002498 -0.1 -0.000394 
0.0181046 -0.0999522 -0.0384744 
0.0131298 -0.092996 -0.0404104 
0.006168 -0.0918288 -0.032335 
0.0016562 -0.0892606 -0.0263292 
-0.0011874 -0.0845912 -0.0188728 
-0.0023186 -0.0780544 -0.012154 
-0.0031742 -0.0687158 -0.0097692 
-0.0053676 -0.0614784 -0.011407 
-0.00962 -0.0548924 -0.0151582 
-0.0136524 -0.0517632 -0.0165028 
-0.015657 -0.047704 -0.0147028 
-0.0156764 -0.0456028 -0.0113896 
-0.0145254 -0.0407002 -0.0079854 
-0.013024 -0.032529 -0.0051564 
-0.0079144 0.0190664 -0.0020318 
-0.0083382 0.0251366 -0.0010534 
-0.0107088 0.0274038 0 
-0.0132024 0.028872 0.0016678 
-0.0128892 0.0326074 0.0033094 
-0.0095508 0.0358758 0.0037814 
-0.007365 0.0410118 0.0040488 
-0.0060434 0.0470818 0.004391 
-0.0068074 0.051518 0.0063924 
-0.0084824 0.0533856 0.0102534 
-0.0071306 0.0573546 0.0112356 
-0.0068588 0.0592222 0.0145754 
-0.0054828 0.0645918 0.0168746 
-0.003456 0.0795336 0.0181168 
-0.0011874 0.08537 0.0188728 
0.0013776 0.0909734 0.0219018 
0.004593 0.092841 0.0240792 
0.0082962 0.0930744 0.0255338 
0.0115306 0.0975102 0.024504 
0.0141766 0.1 0.0223388 
0.0001986 -0.1 -0.0004224 
0.0131396 -0.0999522 -0.0404402 
0.0079616 -0.092996 -0.0417374 
0.0020666 -0.0918288 -0.0328532 
-0.0016564 -0.0892606 -0.0263292 
-0.0035436 -0.0845912 -0.0185752 
-0.0038236 -0.0780544 -0.0117676 
-0.0043736 -0.0687158 -0.0092944 
-0.0067552 -0.0614784 -0.0106442 
-0.011444 -0.0548924 -0.0138332 
-0.0156128 -0.0517632 -0.0146618 
-0.0173764 -0.047704 -0.0126246 
-0.0169804 -0.0456028 -0.0093348 
-0.0154116 -0.0407002 -0.0061016 
-0.0135674 -0.032529 -0.0034834 
-0.0081066 0.0190664 -0.001024 
-0.0084046 0.0251366 0 
-0.0106244 0.0274038 0.0013422 
-0.0128892 0.028872 0.0033094 
-0.0123728 0.0326074 0.0048988 
-0.0090014 0.0358758 0.0049484 
-0.0067994 0.0410118 0.00494 
-0.0054458 0.0470818 0.0051138 
-0.0059524 0.051518 0.0071952 
-0.0071306 0.0533856 0.0112356 
-0.005666 0.0573546 0.0120408 
-0.004978 0.0592222 0.0153198 
-0.0033246 0.0645918 0.0174286 
-0.0011582 0.0795336 0.018407 
0.001187 0.08537 0.0188728 
0.0041118 0.0909734 0.0215564 
0.007575 0.092841 0.0233136 
0.011431 0.0930744 0.0242928 
0.0145108 0.0975102 0.0228656 
0.000144 -0.1 -0.000444 
0.0079674 -0.0999522 -0.0417682 
0.0026676 -0.092996 -0.0424064 
-0.0020668 -0.0918288 -0.0328532 
-0.0049432 -0.0892606 -0.0259138 
-0.0058436 -0.0845912 -0.0179848 
-0.0052684 -0.0780544 -0.0111958 
-0.0055042 -0.0687158 -0.0086728 
-0.0080358 -0.0614784 -0.0097138 
-0.0130874 -0.0548924 -0.0122896 
-0.0173274 -0.0517632 -0.012589 
-0.0188216 -0.047704 -0.0103472 
-0.0180164 -0.0456028 -0.007133 
-0.0160548 -0.0407002 -0.004122 
-0.0138968 -0.032529 -0.0017554 
-0.008171 0.0190664 0 
-0.0083382 0.0251366 0.0010534 
-0.0103726 0.0274038 0.002663 
-0.0123728 0.028872 0.0048988 
-0.0116614 0.0326074 0.0064108 
-0.0083104 0.0358758 0.0060376 
-0.0061266 0.0410118 0.0057532 
-0.0047618 0.0470818 0.005756 
-0.0050038 0.051518 0.0078844 
-0.005666 0.0533856 0.0120408 
-0.0041124 0.0573546 0.012656 
-0.0030186 0.0592222 0.0158234 
-0.001114 0.0645918 0.017708 
0.001158 0.0795336 0.018407 
0.003543 0.08537 0.0185752 
0.0067812 0.0909734 0.020871 
0.010437 0.092841 0.0221804 
0.0143858 0.0930744 0.022668 
8.72e-05 -0.1 -0.0004586 
0.0026698 -0.0999522 -0.0424374 
-0.0026678 -0.092996 -0.0424062 
-0.0061682 -0.0918288 -0.032335 
-0.0081522 -0.0892606 -0.0250898 
-0.0080516 -0.0845912 -0.0171104 
-0.00663 -0.0780544 -0.010447 
-0.0065476 -0.0687158 -0.0079148 
-0.00919 -0.0614784 -0.0086298 
-0.0145246 -0.0548924 -0.0105526 
-0.0187688 -0.0517632 -0.0103178 
-0.01997 -0.047704 -0.0079066 
-0.0187686 -0.0456028 -0.0048188 
-0.016445 -0.0407002 -0.0020772 
-0.0140076 -0.032529 0 
-0.0081066 0.0190664 0.001024 
-0.0081406 0.0251366 0.00209 
-0.009957 0.0274038 0.0039422 
-0.0116614 0.028872 0.0064108 
-0.0107658 0.0326074 0.0078218 
-0.0074882 0.0358758 0.0070316 
-0.0053574 0.0410118 0.0064758 
-0.0040028 0.0470818 0.0063076 
-0.003976 0.051518 0.0084496 
-0.0041124 0.0533856 0.012656 
-0.0024934 0.0573546 0.0130714 
-0.0010112 0.0592222 0.0160768 
0.0011136 0.0645918 0.017708 
0.0034558 0.0795336 0.0181168 
0.0058434 0.08537 0.0179848 
0.0093436 0.0909734 0.0198564 
0.0131346 0.092841 0.0206972 
2.9e-05 -0.1 -0.000466 
-0.00267 -0.0999522 -0.0424374 
-0.0079618 -0.092996 -0.0417374 
-0.0101722 -0.0918288 -0.0313068 
-0.0112326 -0.0892606 -0.0238704 
-0.0101328 -0.0845912 -0.0159666 
-0.0078872 -0.0780544 -0.0095338 
-0.0074882 -0.0687158 -0.0070316 
-0.0101992 -0.0614784 -0.0074102 
-0.0157326 -0.0548924 -0.008649 
-0.0199138 -0.0517632 -0.0078844 
-0.0208034 -0.047704 -0.0053412 
-0.0192244 -0.0456028 -0.0024284 
-0.0165756 -0.0407002 0 
-0.0138968 -0.032529 0.0017554 
-0.0079144 0.0190664 0.0020318 
-0.0078144 0.0251366 0.0030938 
-0.0093842 0.0274038 0.0051588 
-0.0107658 0.028872 0.0078218 
-0.0097008 0.0326074 0.0091094 
-0.0065476 0.0358758 0.0079148 
-0.0045034 0.0410118 0.0070962 
-0.003181 0.0470818 0.0067594 
-0.0028854 0.051518 0.008881 
-0.0024934 0.0533856 0.0130714 
-0.0008356 0.0573546 0.0132808 
0.0010108 0.0592222 0.0160768 
0.0033246 0.0645918 0.0174284 
0.005699 0.0795336 0.0175406 
0.0080514 0.08537 0.0171104 
0.0117586 0.0909734 0.0185288 
-2.92e-05 -0.1 -0.000466 
-0.0079678 -0.0999522 -0.0417682 
-0.0131302 -0.092996 -0.0404104 
-0.0140158 -0.0918288 -0.029785 
-0.0141356 -0.0892606 -0.0222744 
-0.0120536 -0.0845912 -0.0145706 
-0.0090198 -0.0780544 -0.0084702 
-0.0083104 -0.0687158 -0.0060376 
-0.0110476 -0.0614784 -0.0060732 
-0.0166928 -0.0548924 -0.006609 
-0.0207454 -0.0517632 -0.0053262 
-0.021309 -0.047704 -0.0026916 
-0.0193772 -0.0456028 0 
-0.0164448 -0.0407002 0.0020772 
-0.0135674 -0.032529 0.0034834 
-0.0075972 0.0190664 0.003008 
-0.007365 0.0251366 0.0040488 
-0.0086636 0.0274038 0.0062944 
-0.0097008 0.028872 0.0091094 
-0.0084824 0.0326074 0.0102534 
-0.0055042 0.0358758 0.0086728 
-0.0035784 0.0410118 0.0076044 
-0.0023086 0.0470818 0.0071048 
-0.0017498 0.051518 0.0091728 
-0.0008356 0.0533856 0.0132808 
0.0008354 0.0573546 0.0132808 
0.0030184 0.0592222 0.0158234 
0.0054826 0.0645918 0.0168746 
0.0078524 0.0795336 0.016688 
0.0101324 0.08537 0.0159664 
-8.74e-05 -0.1 -0.0004586 
-0.01314 -0.0999522 -0.0404402 
-0.0180912 -0.092996 -0.0384462 
-0.0176382 -0.0918288 -0.0277936 
-0.0168158 -0.0892606 -0.0203268 
-0.013785 -0.0845912 -0.012945 
-0.0100104 -0.0780544 -0.0072726 
-0.0090016 -0.0687158 -0.0049484 
-0.0117216 -0.0614784 -0.0046408 
-0.0173894 -0.0548924 -0.0044648 
-0.0212494 -0.0517632 -0.0026842 
-0.0214784 -0.047704 0 
-0.0192244 -0.0456028 0.0024284 
-0.0160548 -0.0407002 0.004122 
-0.013024 -0.032529 0.0051564 
-0.0071604 0.0190664 0.0039362 
-0.0067994 0.0251366 0.00494 
-0.0078064 0.0274038 0.0073308 
-0.0084824 0.028872 0.0102534 
-0.0071306 0.0326074 0.0112356 
-0.0043736 0.0358758 0.0092944 
-0.002597 0.0410118 0.0079932 
-0.0013998 0.0470818 0.0073382 
-0.0005864 0.051518 0.0093198 
0.0008354 0.0533856 0.0132808 
0.0024932 0.0573546 0.0130714 
0.0049778 0.0592222 0.0153198 
0.0075544 0.0645918 0.0160542 
0.0098822 0.0795336 0.015572 
-0.0001442 -0.1 -0.000444 
-0.0181048 -0.0999522 -0.0384744 
-0.0227674 -0.092996 -0.0358756 
-0.0209828 -0.0918288 -0.0253638 
-0.0192312 -0.0892606 -0.0180588 
-0.0152988 -0.0845912 -0.0111152 
-0.0108428 -0.0780544 -0.0059608 
-0.0095508 -0.0687158 -0.0037814 
-0.012211 -0.0614784 -0.0031352 
-0.0178118 -0.0548924 -0.00225 
-0.021418 -0.0517632 0 
-0.021309 -0.047704 0.0026916 
-0.0187686 -0.0456028 0.0048188 
-0.0154116 -0.0407002 0.0061016 
-0.012275 -0.032529 0.0067482 
-0.0066106 0.0190664 0.0048026 
-0.0061266 0.0251366 0.0057532 
-0.0068262 0.0274038 0.0082512 
-0.0071306 0.028872 0.0112356 
-0.005666 0.0326074 0.0120408 
-0.0031742 0.0358758 0.0097692 
-0.0015748 0.0410118 0.0082554 
-0.0004692 0.0470818 0.0074558 
0.000586 0.051518 0.0093198 
0.0024932 0.0533856 0.0130714 
0.004112 0.0573546 0.012656 
0.0068584 0.0592222 0.0145754 
0.0095068 0.0645918 0.0149806 
-0.0001988 -0.1 -0.0004224 
-0.0227842 -0.0999522 -0.035902 
-0.0270842 -0.092996 -0.0327392 
-0.0239964 -0.0918288 -0.022534 
-0.0213428 -0.0892606 -0.015506 
-0.0165712 -0.0845912 -0.0091102 
-0.0115044 -0.0780544 -0.0045546 
-0.0099494 -0.0687158 -0.0025544 
-0.0125074 -0.0614784 -0.00158 
-0.0179534 -0.0548924 0 
-0.0212494 -0.0517632 0.0026842 
-0.0208034 -0.047704 0.0053412 
-0.0180164 -0.0456028 0.007133 
-0.0145254 -0.0407002 0.0079854 
-0.0113324 -0.032529 0.0082332 
-0.0059564 0.0190664 0.0055934 
-0.0053574 0.0251366 0.0064758 
-0.0057382 0.0274038 0.0090418 
-0.005666 0.028872 0.0120408 
-0.0041124 0.0326074 0.012656 
-0.0019248 0.0358758 0.01009 
-0.0005278 0.0410118 0.0083878 
0.000469 0.0470818 0.0074558 
0.0017496 0.051518 0.0091728 
0.004112 0.0533856 0.012656 
0.0056658 0.0573546 0.0120406 
0.0086312 0.0592222 0.013601 
-0.00025 -0.1 -0.000394 
-0.0271042 -0.0999522 -0.0327634 
-0.030974 -0.092996 -0.0290862 
-0.0266314 -0.0918288 -0.0193486 
-0.023118 -0.0892606 -0.012709 
-0.0175826 -0.0845912 -0.0069612 
-0.0119846 -0.0780544 -0.003077 
-0.0101912 -0.0687158 -0.0012874 
-0.0126068 -0.0614784 0 
-0.0178118 -0.0548924 0.00225 
-0.0207452 -0.0517632 0.0053262 
-0.01997 -0.047704 0.0079066 
-0.0169804 -0.0456028 0.0093348 
-0.0134098 -0.0407002 0.0097426 
-0.0102112 -0.032529 0.0095888 
-0.0052084 0.0190664 0.0062958 
-0.0045034 0.0251366 0.0070962 
-0.0045596 0.0274038 0.0096896 
-0.0041124 0.028872 0.012656 
-0.0024934 0.0326074 0.0130714 
-0.0006448 0.0358758 0.0102516 
0.0005276 0.0410118 0.0083878 
0.0013996 0.0470818 0.0073382 
0.0028852 0.051518 0.008881 
0.0056658 0.0533856 0.0120406 
0.0071302 0.0573546 0.0112356 
-0.0002976 -0.1 -0.0003596 
-0.0309968 -0.0999522 -0.0291078 
-0.0343752 -0.092996 -0.024975 
-0.0288464 -0.0918288 -0.0158582 
-0.0245286 -0.0892606 -0.0097114 
-0.0183162 -0.0845912 -0.0047026 
-0.0122758 -0.0780544 -0.0015506 
-0.010272 -0.0687158 0 
-0.0125074 -0.0614784 0.00158 
-0.0173894 -0.0548924 0.0044648 
-0.0199138 -0.0517632 0.0078844 
-0.0188216 -0.047704 0.0103472 
-0.0156764 -0.0456028 0.0113896 
-0.012083 -0.0407002 0.0113466 
-0.0089288 -0.032529 0.010793 
-0.0043782 0.0190664 0.006899 
-0.0035784 0.0251366 0.0076044 
-0.0033092 0.0274038 0.0101848 
-0.0024934 0.028872 0.0130714 
-0.0008356 0.0326074 0.0132808 
0.0006446 0.0358758 0.0102516 
0.0015746 0.0410118 0.0082554 
0.0023084 0.0470818 0.0071048 
0.0039758 0.051518 0.0084496 
0.0071302 0.0533856 0.0112356 
-0.0003404 -0.1 -0.0003194 
-0.0344006 -0.0999522 -0.0249934 
-0.0372344 -0.092996 -0.0204696 
-0.0306066 -0.0918288 -0.0121178 
-0.0255522 -0.0892606 -0.0065608 
-0.0187612 -0.0845912 -0.0023698 
-0.0123732 -0.0780544 0 
-0.0101912 -0.0687158 0.0012874 
-0.012211 -0.0614784 0.0031352 
-0.0166928 -0.0548924 0.006609 
-0.0187688 -0.0517632 0.0103178 
-0.0173764 -0.047704 0.0126246 
-0.0141254 -0.0456028 0.0132646 
-0.0105656 -0.0407002 0.0127716 
-0.0075056 -0.032529 0.0118268 
-0.003479 0.0190664 0.0073932 
-0.002597 0.0251366 0.0079932 
-0.0020066 0.0274038 0.0105192 
-0.0008356 0.028872 0.0132808 
0.0008354 0.0326074 0.0132808 
0.0019246 0.0358758 0.01009 
0.0025968 0.0410118 0.0079932 
0.0031806 0.0470818 0.0067594 
0.0050036 0.051518 0.0078844 
-0.0003776 -0.1 -0.0002742 
-0.0372618 -0.0999522 -0.0204846 
-0.0395064 -0.092996 -0.0156416 
-0.031884 -0.0918288 -0.0081864 
-0.0261728 -0.0892606 -0.003306 
-0.0189102 -0.0845912 0 
-0.0122758 -0.0780544 0.0015506 
-0.0099494 -0.0687158 0.0025544 
-0.0117216 -0.0614784 0.0046408 
-0.0157326 -0.0548924 0.008649 
-0.0173274 -0.0517632 0.012589 
-0.015657 -0.047704 0.0147028 
-0.0123514 -0.0456028 0.0149302 
-0.0088816 -0.0407002 0.0139952 
-0.0059642 -0.032529 0.0126744 
-0.002525 0.0190664 0.007771 
-0.0015748 0.0251366 0.0082554 
-0.0006724 0.0274038 0.0106878 
0.0008354 0.028872 0.0132808 
0.0024932 0.0326074 0.0130714 
0.003174 0.0358758 0.0097692 
0.0035782 0.0410118 0.0076044 
0.0040026 0.0470818 0.0063076 
-0.0004092 -0.1 -0.0002244 
-0.0395356 -0.0999522 -0.0156532 
-0.0411552 -0.092996 -0.0105668 
-0.0326586 -0.0918288 -0.0041256 
-0.0263808 -0.0892606 0 
-0.0187612 -0.0845912 0.0023698 
-0.0119846 -0.0780544 0.003077 
-0.0095508 -0.0687158 0.0037814 
-0.0110472 -0.0614784 0.0060732 
-0.0145246 -0.0548924 0.0105526 
-0.0156128 -0.0517632 0.0146618 
-0.0136908 -0.047704 0.0165492 
-0.0103826 -0.0456028 0.0163606 
-0.0070576 -0.0407002 0.0149978 
-0.0043286 -0.032529 0.0133218 
-0.0015312 0.0190664 0.0080262 
-0.0005278 0.0251366 0.0083878 
0.0006722 0.0274038 0.0106878 
0.0024932 0.028872 0.0130714 
0.004112 0.0326074 0.012656 
0.0043734 0.0358758 0.0092944 
0.0045032 0.0410118 0.007096 
-0.000434 -0.1 -0.0001716 
-0.0411856 -0.0999522 -0.0105746 
-0.042155 -0.092996 -0.005325 
-0.0329182 -0.0918288 0 
-0.0261728 -0.0892606 0.003306 
-0.0183162 -0.0845912 0.0047026 
-0.0115044 -0.0780544 0.0045546 
-0.0090014 -0.0687158 0.0049484 
-0.0101992 -0.0614784 0.0074102 
-0.0130874 -0.0548924 0.0122896 
-0.0136524 -0.0517632 0.0165028 
-0.0115086 -0.047704 0.0181346 
-0.00825 -0.0456028 0.017533 
-0.0051222 -0.0407002 0.0157642 
-0.0026248 -0.032529 0.0137592 
-0.0005132 0.0190664 0.0081548 
0.0005276 0.0251366 0.0083878 
0.0020064 0.0274038 0.0105192 
0.004112 0.028872 0.012656 
0.0056658 0.0326074 0.0120406 
0.005504 0.0358758 0.0086728 
-0.0004522 -0.1 -0.000116 
-0.042186 -0.0999522 -0.0053292 
-0.0424902 -0.092996 0 
-0.0326586 -0.0918288 0.0041256 
-0.0255522 -0.0892606 0.0065608 
-0.0175822 -0.0845912 0.0069612 
-0.0108428 -0.0780544 0.0059608 
-0.0083104 -0.0687158 0.0060376 
-0.00919 -0.0614784 0.0086298 
-0.011444 -0.0548924 0.0138332 
-0.0114766 -0.0517632 0.0180838 
-0.0091452 -0.047704 0.019434 
-0.0059878 -0.0456028 0.0184286 
-0.0031058 -0.0407002 0.0162818 
-0.0008796 -0.032529 0.0139798 
0.000513 0.0190664 0.0081548 
0.0015746 0.0251366 0.0082554 
0.003309 0.0274038 0.0101848 
0.0056658 0.028872 0.0120406 
0.0071302 0.0326074 0.0112356 
-0.0004632 -0.1 -5.84e-05 
-0.0425214 -0.0999522 0 
-0.042155 -0.092996 0.005325 
-0.031884 -0.0918288 0.0081864 
-0.0245286 -0.0892606 0.0097114 
-0.0165712 -0.0845912 0.0091102 
-0.0100104 -0.0780544 0.0072726 
-0.0074882 -0.0687158 0.0070316 
-0.0080358 -0.0614784 0.0097138 
-0.00962 -0.0548924 0.0151582 
-0.0091194 -0.0517632 0.0193794 
-0.006637 -0.047704 0.020427 
-0.0036308 -0.0456028 0.0190338 
-0.0010408 -0.0407002 0.0165426 
0.0008794 -0.032529 0.0139798 
0.0015308 0.0190664 0.0080262 
0.0025968 0.0251366 0.0079932 
0.0045594 0.0274038 0.0096896 
0.0071302 0.028872 0.0112356 
-0.0004668 -0.1 0 
-0.042186 -0.0999522 0.0053292 
-0.0411552 -0.092996 0.0105668 
-0.0306066 -0.0918288 0.0121178 
-0.0231178 -0.0892606 0.012709 
-0.0152988 -0.0845912 0.0111152 
-0.0090198 -0.0780544 0.0084698 
-0.0065476 -0.0687158 0.0079148 
-0.0067552 -0.0614784 0.0106442 
-0.007644 -0.0548924 0.0162444 
-0.0066184 -0.0517632 0.0203696 
-0.0040246 -0.047704 0.0210978 
-0.0012168 -0.0456028 0.0193388 
0.0010406 -0.0407002 0.0165426 
0.0026246 -0.032529 0.0137592 
0.0025246 0.0190664 0.0077708 
0.0035782 0.0251366 0.0076044 
0.005738 0.0274038 0.0090418 
-0.0004632 -0.1 5.84e-05 
-0.0411856 -0.0999522 0.0105746 
-0.0395064 -0.092996 0.0156416 
-0.0288464 -0.0918288 0.0158582 
-0.0213428 -0.0892606 0.015506 
-0.013785 -0.0845912 0.012945 
-0.0078866 -0.0780544 0.0095338 
-0.0055042 -0.0687158 0.0086728 
-0.0053676 -0.0614784 0.0114068 
-0.0055478 -0.0548924 0.0170746 
-0.0040134 -0.0517632 0.0210386 
-0.0013486 -0.047704 0.021436 
0.0012164 -0.0456028 0.0193388 
0.0031058 -0.0407002 0.0162818 
0.0043284 -0.032529 0.0133218 
0.0034788 0.0190664 0.0073932 
0.0045032 0.0251366 0.007096 
-0.0004522 -0.1 0.000116 
-0.0395352 -0.0999522 0.0156532 
-0.0372342 -0.092996 0.0204696 
-0.0266314 -0.0918288 0.0193486 
-0.0192312 -0.0892606 0.0180588 
-0.0120536 -0.0845912 0.0145706 
-0.00663 -0.0780544 0.010447 
-0.0043736 -0.0687158 0.0092944 
-0.0038954 -0.0614784 0.0119896 
-0.003364 -0.0548924 0.0176352 
-0.0013448 -0.0517632 0.0213756 
0.0013484 -0.047704 0.021436 
0.0036306 -0.0456028 0.0190338 
0.0051218 -0.0407002 0.0157642 
0.0059638 -0.032529 0.0126744 
0.004378 0.0190664 0.006899 
-0.000434 -0.1 0.0001716 
-0.0372618 -0.0999522 0.0204846 
-0.0343752 -0.092996 0.024975 
-0.0239962 -0.0918288 0.022534 
-0.0168158 -0.0892606 0.0203268 
-0.0101328 -0.0845912 0.0159664 
-0.0052682 -0.0780544 0.0111954 
-0.0031742 -0.0687158 0.0097692 
-0.0023624 -0.0614784 0.0123834 
-0.0011274 -0.0548924 0.0179178 
0.0013446 -0.0517632 0.0213756 
0.0040244 -0.047704 0.0210978 
0.0059876 -0.0456028 0.0184286 
0.0070574 -0.0407002 0.0149978 
0.0075054 -0.032529 0.0118268 
-0.0004092 -0.1 0.0002244 
-0.0344006 -0.0999522 0.0249932 
-0.0309738 -0.092996 0.0290862 
-0.0209828 -0.0918288 0.0253638 
-0.0141356 -0.0892606 0.022274 
-0.0080516 -0.0845912 0.0171104 
-0.0038236 -0.0780544 0.0117676 
-0.0019248 -0.0687158 0.01009 
-0.0007916 -0.0614784 0.0125818 
0.001127 -0.0548924 0.0179178 
0.004013 -0.0517632 0.0210386 
0.0066368 -0.047704 0.020427 
0.0082498 -0.0456028 0.017533 
0.0088814 -0.0407002 0.0139952 
-0.0003776 -0.1 0.0002742 
-0.0309968 -0.0999522 0.0291078 
-0.0270842 -0.092996 0.032739 
-0.0176382 -0.0918288 0.0277936 
-0.0112324 -0.0892606 0.0238704 
-0.0058436 -0.0845912 0.0179848 
-0.0023186 -0.0780544 0.012154 
-0.0006448 -0.0687158 0.0102516 
0.0007914 -0.0614784 0.0125818 
0.0033638 -0.0548924 0.0176352 
0.0066182 -0.0517632 0.0203696 
0.0091448 -0.047704 0.019434 
0.0103824 -0.0456028 0.0163606 
-0.0003404 -0.1 0.0003194 
-0.027104 -0.0999522 0.0327632 
-0.0227674 -0.092996 0.0358756 
-0.0140158 -0.0918288 0.029785 
-0.0081522 -0.0892606 0.0250898 
-0.0035434 -0.0845912 0.0185752 
-0.0007768 -0.0780544 0.0123488 
0.0006446 -0.0687158 0.0102516 
0.002362 -0.0614784 0.0123834 
0.0055476 -0.0548924 0.0170746 
0.009119 -0.0517632 0.0193794 
0.0115084 -0.047704 0.0181346 
-0.0002976 -0.1 0.0003596 
-0.0227842 -0.0999522 0.0359016 
-0.0180912 -0.092996 0.038446 
-0.0101722 -0.0918288 0.0313068 
-0.0049432 -0.0892606 0.0259136 
-0.0011874 -0.0845912 0.0188728 
0.0007766 -0.0780544 0.0123488 
0.0019246 -0.0687158 0.01009 
0.0038952 -0.0614784 0.0119896 
0.007644 -0.0548924 0.0162444 
0.011476 -0.0517632 0.0180838 
-0.00025 -0.1 0.000394 
-0.0181044 -0.0999522 0.0384744 
-0.0131302 -0.092996 0.0404104 
-0.0061682 -0.0918288 0.032335 
-0.0016564 -0.0892606 0.0263288 
0.001187 -0.0845912 0.0188728 
0.0023184 -0.0780544 0.012154 
0.003174 -0.0687158 0.0097692 
0.0053674 -0.0614784 0.0114068 
0.0096196 -0.0548924 0.0151582 
-0.0001988 -0.1 0.0004224 
-0.0131396 -0.0999522 0.04044 
-0.0079618 -0.092996 0.0417372 
-0.0020668 -0.0918288 0.032853 
0.0016564 -0.0892606 0.0263288 
0.003543 -0.0845912 0.0185752 
0.0038232 -0.0780544 0.0117676 
0.0043734 -0.0687158 0.0092944 
0.006755 -0.0614784 0.0106442 
-0.0001442 -0.1 0.000444 
-0.0079678 -0.0999522 0.041768 
-0.0026678 -0.092996 0.0424062 
0.0020666 -0.0918288 0.032853 
0.004943 -0.0892606 0.0259136 
0.0058434 -0.0845912 0.0179848 
0.005268 -0.0780544 0.0111954 
0.005504 -0.0687158 0.0086728 
-8.74e-05 -0.1 0.0004586 
-0.00267 -0.0999522 0.0424374 
0.0026676 -0.092996 0.0424062 
0.006168 -0.0918288 0.032335 
0.008152 -0.0892606 0.0250898 
0.0080514 -0.0845912 0.0171104 
0.0066296 -0.0780544 0.010447 
-2.92e-05 -0.1 0.000466 
0.0026698 -0.0999522 0.0424372 
0.0079616 -0.092996 0.0417372 
0.010172 -0.0918288 0.0313068 
0.0112322 -0.0892606 0.02387 
0.0101324 -0.0845912 0.0159664 
2.9e-05 -0.1 0.000466 
0.0079674 -0.0999522 0.041768 
0.0131298 -0.092996 0.0404104 
0.0140156 -0.0918288 0.029785 
0.0141354 -0.0892606 0.022274 
8.72e-05 -0.1 0.0004586 
0.0131394 -0.0999522 0.04044 
0.018091 -0.092996 0.038446 
0.017638 -0.0918288 0.0277934 
0.000144 -0.1 0.000444 
0.0181042 -0.0999522 0.0384744 
0.0227672 -0.092996 0.0358752 
0.0001986 -0.1 0.0004224 
0.0227838 -0.0999522 0.0359016 
0.0002498 -0.1 0.000394 
0.0425214 -0.0999522 0 
0.042155 -0.092996 -0.005325 
0.0424902 -0.092996 0 
0.0326586 -0.0918288 -0.0041256 
0.0329182 -0.0918288 0 
0.0261726 -0.0892606 -0.003306 
0.0263812 -0.0892606 0 
0.0187612 -0.0845912 -0.0023698 
0.0189102 -0.0845912 0 
0.0122754 -0.0780544 -0.0015506 
0.0123732 -0.0780544 0 
0.010191 -0.0687158 -0.0012874 
0.010272 -0.0687158 0 
0.0125074 -0.0614784 -0.00158 
0.0126068 -0.0614784 0 
0.0178116 -0.0548924 -0.00225 
0.0179534 -0.0548924 0 
0.021249 -0.0517632 -0.0026842 
0.021418 -0.0517632 0 
0.0213088 -0.047704 -0.0026916 
0.0214784 -0.047704 0 
0.0192242 -0.0456028 -0.0024284 
0.0193772 -0.0456028 0 
0.0164448 -0.0407002 -0.0020772 
0.0165756 -0.0407002 0 
0.0138966 -0.032529 -0.0017554 
0.0140076 -0.032529 0 
0.0081064 0.0190664 -0.001024 
0.008171 0.0190664 0 
0.008338 0.0251366 -0.0010534 
0.0084046 0.0251366 0 
0.0106242 0.0274038 -0.0013422 
0.0107088 0.0274038 0 
0.0132024 0.028872 -0.0016678 
0.0133072 0.028872 0 
0.0132024 0.0326074 -0.0016678 
0.0133072 0.0326074 0 
0.010191 0.0358758 -0.0012874 
0.010272 0.0358758 0 
0.008338 0.0410118 -0.0010534 
0.0084046 0.0410118 0 
0.0074114 0.0470818 -0.0009362 
0.0074704 0.0470818 0 
0.0092644 0.051518 -0.0011702 
0.0093382 0.051518 0 
0.0132024 0.0533856 -0.0016678 
0.0133072 0.0533856 0 
0.0132024 0.0573546 -0.0016678 
0.0133072 0.0573546 0 
0.0159814 0.0592222 -0.002019 
0.0161086 0.0592222 0 
0.0176028 0.0645918 -0.0022236 
0.017743 0.0645918 0 
0.0182978 0.0795336 -0.0023116 
0.0184434 0.0795336 0 
0.0187612 0.08537 -0.0023698 
0.0189102 0.08537 0 
0.0217722 0.0909734 -0.0027504 
0.0219452 0.0909734 0 
0.0243198 0.092841 -0.0030722 
0.0245136 0.092841 0 
0.0266362 0.0930744 -0.0033648 
0.026848 0.0930744 0 
0.0268678 0.0975102 -0.003394 
0.0270816 0.0975102 0 
0.026249 0.1 -0.0033156 
0.0264576 0.1 0 
0.0206142 0.0998448 -0.0026042 
0.0207782 0.0998448 0 
0.0185294 0.0977436 -0.0023408 
0.018677 0.0977436 0 
0.01575 0.0940082 -0.0019896 
0.0158754 0.0940082 0 
0.0127386 0.0870044 -0.0016092 
0.01284 0.0870044 0 
0.010886 0.0755642 -0.0013752 
0.0109726 0.0755642 0 
0.0090328 0.0678604 -0.001141 
0.0091048 0.0678604 0 
0.0050954 0.0643582 -0.0006436 
0.005136 0.0643582 0 
0.0050954 0.0643582 0.0006436 
0.0049744 0.0643582 0.001277 
0.0088186 0.0678604 0.0022642 
0.0084652 0.0678604 0.0033514 
0.0102018 0.0755642 0.0040392 
0.0096152 0.0755642 0.005286 
0.0112516 0.0870044 0.0061856 
0.0103876 0.0870044 0.007547 
0.0128432 0.0940082 0.0093312 
0.031884 -0.0918288 -0.0081864 
0.0255522 -0.0892606 -0.0065608 
0.018316 -0.0845912 -0.0047026 
0.0119842 -0.0780544 -0.003077 
0.0099494 -0.0687158 -0.0025544 
0.0122106 -0.0614784 -0.0031352 
0.0173892 -0.0548924 -0.0044648 
0.0207452 -0.0517632 -0.0053262 
0.0208032 -0.047704 -0.0053414 
0.0187682 -0.0456028 -0.0048188 
0.0160546 -0.0407002 -0.004122 
0.0135674 -0.032529 -0.0034834 
0.0079142 0.0190664 -0.0020318 
0.0081404 0.0251366 -0.00209 
0.0103722 0.0274038 -0.002663 
0.0128892 0.028872 -0.0033094 
0.0128892 0.0326074 -0.0033094 
0.0099494 0.0358758 -0.0025544 
0.0081404 0.0410118 -0.00209 
0.0072358 0.0470818 -0.0018578 
0.0090448 0.051518 -0.0023222 
0.0128892 0.0533856 -0.0033094 
0.0128892 0.0573546 -0.0033094 
0.0156026 0.0592222 -0.004006 
0.0171854 0.0645918 -0.0044124 
0.0178638 0.0795336 -0.0045864 
0.018316 0.08537 -0.0047026 
0.0212558 0.0909734 -0.0054574 
0.0237432 0.092841 -0.0060962 
0.0260044 0.0930744 -0.0066766 
0.0262308 0.0975102 -0.0067348 
0.0256264 0.1 -0.0065796 
0.0201252 0.0998448 -0.0051672 
0.0180898 0.0977436 -0.0046446 
0.0153764 0.0940082 -0.003948 
0.0124364 0.0870044 -0.003193 
0.0106278 0.0755642 -0.0027288 
0.0088186 0.0678604 -0.0022642 
0.0049746 0.0643582 -0.001277 
0.0245284 -0.0892606 -0.0097114 
0.0175822 -0.0845912 -0.0069614 
0.0115042 -0.0780544 -0.004555 
0.0095506 -0.0687158 -0.0037814 
0.0117214 -0.0614784 -0.0046408 
0.0166924 -0.0548924 -0.006609 
0.0199136 -0.0517632 -0.0078844 
0.0199698 -0.047704 -0.0079066 
0.0180164 -0.0456028 -0.007133 
0.0154116 -0.0407002 -0.0061016 
0.0130238 -0.032529 -0.0051564 
0.007597 0.0190664 -0.003008 
0.0078142 0.0251366 -0.0030938 
0.0099568 0.0274038 -0.0039422 
0.0123728 0.028872 -0.0048988 
0.0123728 0.0326074 -0.0048988 
0.0095506 0.0358758 -0.0037814 
0.0078142 0.0410118 -0.0030938 
0.0069458 0.0470818 -0.00275 
0.0086824 0.051518 -0.0034376 
0.0123728 0.0533856 -0.0048988 
0.0123728 0.0573546 -0.0048988 
0.0149772 0.0592222 -0.0059298 
0.016497 0.0645918 -0.0065316 
0.0171478 0.0795336 -0.0067894 
0.0175822 0.08537 -0.0069614 
0.020404 0.0909734 -0.0080786 
0.022792 0.092841 -0.009024 
0.0249624 0.0930744 -0.0098832 
0.0251796 0.0975102 -0.0099694 
0.0245996 0.1 -0.0097396 
0.0193186 0.0998448 -0.0076486 
0.0173652 0.0977436 -0.0068754 
0.0147604 0.0940082 -0.005844 
0.0119382 0.0870044 -0.0047266 
0.0102018 0.0755642 -0.0040392 
0.0084652 0.0678604 -0.0033514 
0.0047752 0.0643582 -0.0018902 
0.016571 -0.0845912 -0.0091102 
0.0108426 -0.0780544 -0.0059608 
0.0090014 -0.0687158 -0.0049484 
0.0110474 -0.0614784 -0.0060732 
0.0157324 -0.0548924 -0.008649 
0.0187688 -0.0517632 -0.0103178 
0.0188214 -0.047704 -0.0103472 
0.0169804 -0.0456028 -0.009335 
0.014525 -0.0407002 -0.0079854 
0.0122748 -0.032529 -0.0067482 
0.0071602 0.0190664 -0.0039362 
0.0073648 0.0251366 -0.0040488 
0.0093842 0.0274038 -0.0051588 
0.011661 0.028872 -0.0064108 
0.011661 0.0326074 -0.0064108 
0.0090014 0.0358758 -0.0049484 
0.0073648 0.0410118 -0.0040488 
0.0065462 0.0470818 -0.003599 
0.0081828 0.051518 -0.0044988 
0.011661 0.0533856 -0.0064108 
0.011661 0.0573546 -0.0064108 
0.014116 0.0592222 -0.0077604 
0.0155478 0.0645918 -0.0085476 
0.016162 0.0795336 -0.0088852 
0.016571 0.08537 -0.0091102 
0.0192306 0.0909734 -0.0105722 
0.0214812 0.092841 -0.0118094 
0.023527 0.0930744 -0.012934 
0.0237316 0.0975102 -0.0130466 
0.0231848 0.1 -0.012746 
0.018208 0.0998448 -0.01001 
0.0163666 0.0977436 -0.0089976 
0.0139114 0.0940082 -0.007648 
0.0112516 0.0870044 -0.0061856 
0.0096152 0.0755642 -0.005286 
0.0079784 0.0678604 -0.0043862 
0.0045006 0.0643582 -0.0024742 
0.01001 -0.0780544 -0.0072726 
0.00831 -0.0687158 -0.0060376 
0.010199 -0.0614784 -0.0074102 
0.0145244 -0.0548924 -0.0105526 
0.0173272 -0.0517632 -0.012589 
0.0173762 -0.047704 -0.0126246 
0.0156764 -0.0456028 -0.0113896 
0.0134098 -0.0407002 -0.009743 
0.0113322 -0.032529 -0.0082332 
0.0066104 0.0190664 -0.0048026 
0.0067992 0.0251366 -0.00494 
0.0086634 0.0274038 -0.0062944 
0.0107658 0.028872 -0.0078218 
0.0107658 0.0326074 -0.0078218 
0.00831 0.0358758 -0.0060376 
0.0067992 0.0410118 -0.00494 
0.0060432 0.0470818 -0.004391 
0.0075546 0.051518 -0.0054888 
0.0107658 0.0533856 -0.0078218 
0.0107658 0.0573546 -0.0078218 
0.0130322 0.0592222 -0.0094684 
0.0143542 0.0645918 -0.010429 
0.014921 0.0795336 -0.0108408 
0.0152984 0.08537 -0.0111152 
0.017754 0.0909734 -0.012899 
0.0198316 0.092841 -0.0144084 
0.0217202 0.0930744 -0.0157808 
0.0219094 0.0975102 -0.015918 
0.0214044 0.1 -0.015551 
0.0168096 0.0998448 -0.012213 
0.0151098 0.0977436 -0.0109776 
0.0128432 0.0940082 -0.0093312 
0.0103876 0.0870044 -0.007547 
0.008877 0.0755642 -0.0064496 
0.0073658 0.0678604 -0.0053516 
0.0041548 0.0643582 -0.0030186 
0.007488 -0.0687158 -0.0070316 
0.0091898 -0.0614784 -0.0086298 
0.0130874 -0.0548924 -0.01229 
0.0156126 -0.0517632 -0.0146618 
0.0156568 -0.047704 -0.0147028 
0.0141252 -0.0456028 -0.0132646 
0.012083 -0.0407002 -0.0113468 
0.0102108 -0.032529 -0.0095888 
0.0059562 0.0190664 -0.0055934 
0.0061264 0.0251366 -0.0057532 
0.0078062 0.0274038 -0.0073308 
0.0097004 0.028872 -0.0091094 
0.0097004 0.0326074 -0.0091094 
0.007488 0.0358758 -0.0070316 
0.0061264 0.0410118 -0.0057532 
0.0054456 0.0470818 -0.0051138 
0.006807 0.051518 -0.0063924 
0.0097004 0.0533856 -0.0091094 
0.0097004 0.0573546 -0.0091094 
0.0117426 0.0592222 -0.0110272 
0.0129338 0.0645918 -0.0121458 
0.0134446 0.0795336 -0.0126254 
0.013785 0.08537 -0.012945 
0.0159972 0.0909734 -0.0150224 
0.0178694 0.092841 -0.0167806 
0.0195714 0.0930744 -0.0183788 
0.0197416 0.0975102 -0.0185386 
0.0192866 0.1 -0.0181114 
0.0151464 0.0998448 -0.0142236 
0.0136144 0.0977436 -0.012785 
0.0115724 0.0940082 -0.0108674 
0.0093598 0.0870044 -0.0087896 
0.0079986 0.0755642 -0.0075112 
0.0066368 0.0678604 -0.0062322 
0.003744 0.0643582 -0.0035158 
0.0080356 -0.0614784 -0.0097138 
0.0114438 -0.0548924 -0.0138332 
0.0136522 -0.0517632 -0.016503 
0.0136908 -0.047704 -0.0165494 
0.0123512 -0.0456028 -0.0149304 
0.0105654 -0.0407002 -0.0127716 
0.0089286 -0.032529 -0.010793 
0.0052082 0.0190664 -0.0062958 
0.0053572 0.0251366 -0.0064758 
0.006826 0.0274038 -0.0082514 
0.0084822 0.028872 -0.0102534 
0.0084822 0.0326074 -0.0102534 
0.0065474 0.0358758 -0.0079148 
0.0053572 0.0410118 -0.0064758 
0.0047616 0.0470818 -0.005756 
0.0059524 0.051518 -0.0071952 
0.0084822 0.0533856 -0.0102534 
0.0084822 0.0573546 -0.0102534 
0.0102676 0.0592222 -0.0124118 
0.0113096 0.0645918 -0.013671 
0.011756 0.0795336 -0.0142108 
0.0120534 0.08537 -0.0145706 
0.0139882 0.0909734 -0.016909 
0.015625 0.092841 -0.018888 
0.0171134 0.0930744 -0.0206866 
0.0172622 0.0975102 -0.0208666 
0.0168646 0.1 -0.020386 
0.0132444 0.0998448 -0.0160098 
0.011905 0.0977436 -0.0143908 
0.010119 0.0940082 -0.012232 
0.0081844 0.0870044 -0.0098932 
0.006994 0.0755642 -0.0084544 
0.0058034 0.0678604 -0.0070152 
0.0032736 0.0643582 -0.0039572 
0.0096196 -0.0548924 -0.0151582 
0.0114762 -0.0517632 -0.018084 
0.0115084 -0.047704 -0.0181346 
0.0103824 -0.0456028 -0.0163608 
0.0088814 -0.0407002 -0.0139952 
0.0075054 -0.032529 -0.0118268 
0.0043782 0.0190664 -0.006899 
0.0045032 0.0251366 -0.0070962 
0.005738 0.0274038 -0.0090418 
0.0071302 0.028872 -0.0112356 
0.0071302 0.0326074 -0.0112356 
0.005504 0.0358758 -0.008673 
0.0045032 0.0410118 -0.0070962 
0.0040028 0.0470818 -0.0063076 
0.0050036 0.051518 -0.0078846 
0.0071302 0.0533856 -0.0112356 
0.0071302 0.0573546 -0.0112356 
0.0086314 0.0592222 -0.013601 
0.0095068 0.0645918 -0.0149808 
0.0098822 0.0795336 -0.0155724 
0.0101324 0.08537 -0.0159666 
0.0117586 0.0909734 -0.0185288 
0.013135 0.092841 -0.0206974 
0.0143858 0.0930744 -0.0226686 
0.0145108 0.0975102 -0.0228658 
0.0141766 0.1 -0.0223388 
0.011133 0.0998448 -0.0175434 
0.0100074 0.0977436 -0.0157696 
0.0085064 0.0940082 -0.013404 
0.0068798 0.0870044 -0.010841 
0.0058792 0.0755642 -0.0092644 
0.0048782 0.0678604 -0.0076874 
0.0027518 0.0643582 -0.0043364 
0.009119 -0.0517632 -0.0193796 
0.0091448 -0.047704 -0.0194342 
0.0082504 -0.0456028 -0.017533 
0.0070574 -0.0407002 -0.014998 
0.0059638 -0.032529 -0.0126744 
0.0034788 0.0190664 -0.0073934 
0.0035782 0.0251366 -0.0076044 
0.0045594 0.0274038 -0.0096896 
0.0056658 0.028872 -0.0120408 
0.0056658 0.0326074 -0.0120408 
0.0043734 0.0358758 -0.0092944 
0.0035782 0.0410118 -0.0076044 
0.0031806 0.0470818 -0.0067594 
0.0039758 0.051518 -0.0084496 
0.0056658 0.0533856 -0.0120408 
0.0056658 0.0573546 -0.0120408 
0.0068584 0.0592222 -0.0145754 
0.0075544 0.0645918 -0.0160542 
0.0078524 0.0795336 -0.016688 
0.0080514 0.08537 -0.0171104 
0.0093436 0.0909734 -0.0198566 
0.010437 0.092841 -0.0221804 
0.011431 0.0930744 -0.0242928 
0.0115306 0.0975102 -0.024504 
0.011265 0.1 -0.0239394 
0.0088468 0.0998448 -0.0188006 
0.007952 0.0977436 -0.0168994 
0.0067592 0.0940082 -0.0143644 
0.0054668 0.0870044 -0.011618 
0.0046718 0.0755642 -0.0099282 
0.0038764 0.0678604 -0.008238 
0.0021866 0.0643582 -0.0046472 
0.0066368 -0.047704 -0.020427 
0.0059878 -0.0456028 -0.0184286 
0.0051218 -0.0407002 -0.0157642 
0.0043284 -0.032529 -0.013322 
0.0025246 0.0190664 -0.007771 
0.0025968 0.0251366 -0.0079932 
0.003309 0.0274038 -0.0101848 
0.004112 0.028872 -0.012656 
0.004112 0.0326074 -0.012656 
0.003174 0.0358758 -0.0097692 
0.0025968 0.0410118 -0.0079932 
0.0023084 0.0470818 -0.0071048 
0.0028852 0.051518 -0.008881 
0.004112 0.0533856 -0.012656 
0.004112 0.0573546 -0.012656 
0.0049778 0.0592222 -0.0153204 
0.0054826 0.0645918 -0.0168746 
0.005699 0.0795336 -0.0175408 
0.0058434 0.08537 -0.0179848 
0.0067812 0.0909734 -0.0208712 
0.007575 0.092841 -0.0233136 
0.0082962 0.0930744 -0.025534 
0.0083684 0.0975102 -0.025756 
0.0081758 0.1 -0.0251628 
0.0064204 0.0998448 -0.019761 
0.0057712 0.0977436 -0.0177628 
0.0049056 0.0940082 -0.0150982 
0.0039674 0.0870044 -0.0122112 
0.0033906 0.0755642 -0.0104354 
0.0028132 0.0678604 -0.0086588 
0.0015868 0.0643582 -0.0048846 
0.0036306 -0.0456028 -0.019034 
0.0031058 -0.0407002 -0.0162818 
0.0026246 -0.032529 -0.0137594 
0.0015308 0.0190664 -0.0080262 
0.0015746 0.0251366 -0.0082554 
0.0020064 0.0274038 -0.0105192 
0.0024932 0.028872 -0.0130714 
0.0024932 0.0326074 -0.0130714 
0.0019246 0.0358758 -0.01009 
0.0015746 0.0410118 -0.0082554 
0.0013996 0.0470818 -0.0073382 
0.0017496 0.051518 -0.009173 
0.0024932 0.0533856 -0.0130714 
0.0024932 0.0573546 -0.0130714 
0.0030184 0.0592222 -0.0158234 
0.0033246 0.0645918 -0.0174286 
0.0034558 0.0795336 -0.0181168 
0.0035434 0.08537 -0.0185752 
0.0041118 0.0909734 -0.0215564 
0.004593 0.092841 -0.0240792 
0.0050306 0.0930744 -0.0263724 
0.0050744 0.0975102 -0.0266018 
0.0049574 0.1 -0.025989 
0.0038934 0.0998448 -0.02041 
0.0034996 0.0977436 -0.0183462 
0.0029746 0.0940082 -0.015594 
0.0024058 0.0870044 -0.0126124 
0.0020558 0.0755642 -0.010778 
0.0017058 0.0678604 -0.0089434 
0.0009622 0.0643582 -0.005045 
0.0010406 -0.0407002 -0.016543 
0.0008794 -0.032529 -0.0139798 
0.000513 0.0190664 -0.0081548 
0.0005276 0.0251366 -0.0083878 
0.0006722 0.0274038 -0.0106878 
0.0008354 0.028872 -0.0132812 
0.0008354 0.0326074 -0.0132812 
0.0006446 0.0358758 -0.0102518 
0.0005276 0.0410118 -0.0083878 
0.000469 0.0470818 -0.0074558 
0.000586 0.051518 -0.0093198 
0.0008354 0.0533856 -0.0132812 
0.0008354 0.0573546 -0.0132812 
0.0010108 0.0592222 -0.0160768 
0.0011136 0.0645918 -0.017708 
0.001158 0.0795336 -0.018407 
0.001187 0.08537 -0.0188728 
0.0013776 0.0909734 -0.0219018 
0.001539 0.092841 -0.0244652 
0.0016856 0.0930744 -0.026795 
0.0017002 0.0975102 -0.0270282 
0.0016612 0.1 -0.0264054 
0.0013044 0.0998448 -0.0207372 
0.0011726 0.0977436 -0.0186398 
0.0009966 0.0940082 -0.0158438 
0.000806 0.0870044 -0.0128144 
0.0006886 0.0755642 -0.010951 
0.0005714 0.0678604 -0.0090866 
0.0003222 0.0643582 -0.0051258 
-0.0008796 -0.032529 -0.0139798 
-0.0005132 0.0190664 -0.0081548 
-0.0005278 0.0251366 -0.0083878 
-0.0006724 0.0274038 -0.0106878 
-0.0008356 0.028872 -0.0132812 
-0.0008356 0.0326074 -0.0132812 
-0.0006448 0.0358758 -0.0102518 
-0.0005278 0.0410118 -0.0083878 
-0.0004692 0.0470818 -0.0074558 
-0.0005864 0.051518 -0.0093198 
-0.0008356 0.0533856 -0.0132812 
-0.0008356 0.0573546 -0.0132812 
-0.0010112 0.0592222 -0.0160768 
-0.001114 0.0645918 -0.017708 
-0.0011582 0.0795336 -0.018407 
-0.0011874 0.08537 -0.0188728 
-0.0013778 0.0909734 -0.0219018 
-0.0015392 0.092841 -0.0244652 
-0.0016858 0.0930744 -0.026795 
-0.0017004 0.0975102 -0.0270282 
-0.0016614 0.1 -0.0264054 
-0.0013048 0.0998448 -0.0207372 
-0.0011728 0.0977436 -0.0186398 
-0.0009968 0.0940082 -0.0158438 
-0.0008062 0.0870044 -0.0128144 
-0.0006888 0.0755642 -0.010951 
-0.0005718 0.0678604 -0.0090866 
-0.0003224 0.0643582 -0.0051258 
-0.0015312 0.0190664 -0.0080262 
-0.0015748 0.0251366 -0.0082554 
-0.0020066 0.0274038 -0.0105192 
-0.0024934 0.028872 -0.0130714 
-0.0024934 0.0326074 -0.0130714 
-0.0019248 0.0358758 -0.01009 
-0.0015748 0.0410118 -0.0082554 
-0.0013998 0.0470818 -0.0073382 
-0.0017498 0.051518 -0.009173 
-0.0024934 0.0533856 -0.0130714 
-0.0024934 0.0573546 -0.0130714 
-0.0030186 0.0592222 -0.0158234 
-0.0033248 0.0645918 -0.0174286 
-0.003456 0.0795336 -0.0181168 
-0.0035436 0.08537 -0.0185752 
-0.004112 0.0909734 -0.0215564 
-0.0045934 0.092841 -0.0240792 
-0.0050308 0.0930744 -0.0263724 
-0.0050746 0.0975102 -0.0266018 
-0.0049576 0.1 -0.025989 
-0.0038936 0.0998448 -0.02041 
-0.0034998 0.0977436 -0.0183462 
-0.0029748 0.0940082 -0.015594 
-0.002406 0.0870044 -0.0126124 
-0.002056 0.0755642 -0.010778 
-0.001706 0.0678604 -0.0089434 
-0.0009624 0.0643582 -0.005045 
-0.002597 0.0251366 -0.0079932 
-0.0033092 0.0274038 -0.0101848 
-0.0041124 0.028872 -0.012656 
-0.0041124 0.0326074 -0.012656 
-0.0031742 0.0358758 -0.0097692 
-0.002597 0.0410118 -0.0079932 
-0.0023086 0.0470818 -0.0071048 
-0.0028854 0.051518 -0.008881 
-0.0041124 0.0533856 -0.012656 
-0.0041124 0.0573546 -0.012656 
-0.004978 0.0592222 -0.0153198 
-0.0054828 0.0645918 -0.0168746 
-0.0056992 0.0795336 -0.0175406 
-0.0058436 0.08537 -0.0179848 
-0.0067814 0.0909734 -0.0208712 
-0.0075752 0.092841 -0.0233136 
-0.0082964 0.0930744 -0.025534 
-0.0083686 0.0975102 -0.025756 
-0.008176 0.1 -0.0251628 
-0.0064208 0.0998448 -0.019761 
-0.0057714 0.0977436 -0.0177628 
-0.0049058 0.0940082 -0.0150982 
-0.0039676 0.0870044 -0.0122112 
-0.0033908 0.0755642 -0.0104354 
-0.0028134 0.0678604 -0.0086588 
-0.001587 0.0643582 -0.0048846 
-0.0045596 0.0274038 -0.0096896 
-0.005666 0.028872 -0.0120408 
-0.005666 0.0326074 -0.0120408 
-0.0043736 0.0358758 -0.0092944 
-0.0035784 0.0410118 -0.0076044 
-0.003181 0.0470818 -0.0067594 
-0.003976 0.051518 -0.0084496 
-0.005666 0.0533856 -0.0120408 
-0.005666 0.0573546 -0.0120408 
-0.0068588 0.0592222 -0.0145754 
-0.0075546 0.0645918 -0.0160542 
-0.0078528 0.0795336 -0.016688 
-0.0080516 0.08537 -0.0171104 
-0.0093438 0.0909734 -0.0198566 
-0.0104372 0.092841 -0.0221804 
-0.0114314 0.0930744 -0.0242928 
-0.0115308 0.0975102 -0.024504 
-0.0112652 0.1 -0.0239394 
-0.008847 0.0998448 -0.0188004 
-0.0079522 0.0977436 -0.0168994 
-0.0067594 0.0940082 -0.0143644 
-0.005467 0.0870044 -0.011618 
-0.004672 0.0755642 -0.0099282 
-0.0038766 0.0678604 -0.008238 
-0.0021868 0.0643582 -0.0046472 
-0.0071306 0.028872 -0.0112356 
-0.0071306 0.0326074 -0.0112356 
-0.0055042 0.0358758 -0.0086728 
-0.0045034 0.0410118 -0.0070962 
-0.004003 0.0470818 -0.0063076 
-0.0050038 0.051518 -0.0078846 
-0.0071306 0.0533856 -0.0112356 
-0.0071306 0.0573546 -0.0112356 
-0.0086314 0.0592222 -0.013601 
-0.009507 0.0645918 -0.0149808 
-0.0098824 0.0795336 -0.0155724 
-0.0101328 0.08537 -0.0159666 
-0.0117588 0.0909734 -0.0185288 
-0.0131352 0.092841 -0.0206974 
-0.014386 0.0930744 -0.0226686 
-0.014511 0.0975102 -0.0228658 
-0.0141768 0.1 -0.0223388 
-0.0111332 0.0998448 -0.0175434 
-0.0100076 0.0977436 -0.0157694 
-0.0085066 0.0940082 -0.013404 
-0.00688 0.0870044 -0.010841 
-0.0058794 0.0755642 -0.0092644 
-0.0048786 0.0678604 -0.0076874 
-0.002752 0.0643582 -0.0043364 
-0.0084824 0.0326074 -0.0102534 
-0.0065476 0.0358758 -0.0079148 
-0.0053574 0.0410118 -0.0064758 
-0.0047618 0.0470818 -0.005756 
-0.0059524 0.051518 -0.0071952 
-0.0084824 0.0533856 -0.0102534 
-0.0084824 0.0573546 -0.0102534 
-0.0102678 0.0592222 -0.0124118 
-0.0113098 0.0645918 -0.013671 
-0.0117562 0.0795336 -0.0142108 
-0.0120536 0.08537 -0.0145706 
-0.0139884 0.0909734 -0.016909 
-0.0156252 0.092841 -0.018888 
-0.0171138 0.0930744 -0.0206866 
-0.0172624 0.0975102 -0.0208666 
-0.0168648 0.1 -0.020386 
-0.0132444 0.0998448 -0.0160098 
-0.0119052 0.0977436 -0.0143908 
-0.0101194 0.0940082 -0.012232 
-0.0081846 0.0870044 -0.0098932 
-0.0069942 0.0755642 -0.0084544 
-0.0058036 0.0678604 -0.0070152 
-0.0032738 0.0643582 -0.0039572 
-0.0074882 0.0358758 -0.0070316 
-0.0061266 0.0410118 -0.0057532 
-0.0054458 0.0470818 -0.0051138 
-0.0068074 0.051518 -0.0063924 
-0.0097008 0.0533856 -0.0091094 
-0.0097008 0.0573546 -0.0091094 
-0.0117428 0.0592222 -0.0110272 
-0.0129342 0.0645918 -0.0121458 
-0.0134448 0.0795336 -0.0126254 
-0.013785 0.08537 -0.012945 
-0.0159974 0.0909734 -0.0150224 
-0.0178696 0.092841 -0.0167806 
-0.0195714 0.0930744 -0.0183788 
-0.0197418 0.0975102 -0.0185384 
-0.0192868 0.1 -0.0181114 
-0.0151466 0.0998448 -0.0142236 
-0.0136148 0.0977436 -0.012785 
-0.0115726 0.0940082 -0.0108672 
-0.00936 0.0870044 -0.0087896 
-0.0079988 0.0755642 -0.0075112 
-0.006637 0.0678604 -0.0062322 
-0.0037442 0.0643582 -0.0035158 
-0.0067994 0.0410118 -0.00494 
-0.0060434 0.0470818 -0.004391 
-0.0075548 0.051518 -0.0054888 
-0.0107658 0.0533856 -0.0078218 
-0.0107658 0.0573546 -0.0078218 
-0.0130324 0.0592222 -0.0094684 
-0.0143544 0.0645918 -0.010429 
-0.014921 0.0795336 -0.0108408 
-0.0152988 0.08537 -0.0111152 
-0.0177542 0.0909734 -0.012899 
-0.0198318 0.092841 -0.0144084 
-0.0217206 0.0930744 -0.0157808 
-0.0219096 0.0975102 -0.015918 
-0.0214048 0.1 -0.015551 
-0.0168098 0.0998448 -0.012213 
-0.01511 0.0977436 -0.0109776 
-0.0128434 0.0940082 -0.0093312 
-0.0103878 0.0870044 -0.007547 
-0.0088772 0.0755642 -0.0064496 
-0.007366 0.0678604 -0.0053516 
-0.004155 0.0643582 -0.0030186 
-0.0065464 0.0470818 -0.003599 
-0.0081832 0.051518 -0.0044988 
-0.0116614 0.0533856 -0.0064108 
-0.0116614 0.0573546 -0.0064108 
-0.0141162 0.0592222 -0.0077604 
-0.015548 0.0645918 -0.0085476 
-0.0161622 0.0795336 -0.0088852 
-0.0165712 0.08537 -0.0091102 
-0.0192308 0.0909734 -0.010572 
-0.0214814 0.092841 -0.0118094 
-0.0235272 0.0930744 -0.012934 
-0.0237318 0.0975102 -0.0130466 
-0.023185 0.1 -0.0127458 
-0.0182082 0.0998448 -0.0100094 
-0.0163668 0.0977436 -0.0089976 
-0.0139116 0.0940082 -0.007648 
-0.0112518 0.0870044 -0.0061856 
-0.0096154 0.0755642 -0.005286 
-0.0079788 0.0678604 -0.0043862 
-0.0045008 0.0643582 -0.0024742 
-0.0086826 0.051518 -0.0034376 
-0.0123728 0.0533856 -0.0048988 
-0.0123728 0.0573546 -0.0048988 
-0.0149774 0.0592222 -0.0059298 
-0.016497 0.0645918 -0.0065316 
-0.0171482 0.0795336 -0.0067892 
-0.0175826 0.08537 -0.0069612 
-0.0204042 0.0909734 -0.0080786 
-0.0227922 0.092841 -0.0090238 
-0.0249628 0.0930744 -0.0098832 
-0.0251798 0.0975102 -0.0099694 
-0.0245996 0.1 -0.0097396 
-0.0193188 0.0998448 -0.0076486 
-0.0173654 0.0977436 -0.0068754 
-0.0147606 0.0940082 -0.005844 
-0.0119384 0.0870044 -0.0047266 
-0.010202 0.0755642 -0.0040392 
-0.0084654 0.0678604 -0.0033514 
-0.0047754 0.0643582 -0.0018902 
-0.0128894 0.0533856 -0.0033094 
-0.0128894 0.0573546 -0.0033094 
-0.0156026 0.0592222 -0.004006 
-0.0171856 0.0645918 -0.0044124 
-0.0178638 0.0795336 -0.0045864 
-0.0183162 0.08537 -0.0047026 
-0.0212558 0.0909734 -0.0054574 
-0.0237434 0.092841 -0.0060962 
-0.0260046 0.0930744 -0.0066766 
-0.0262308 0.0975102 -0.0067348 
-0.0256264 0.1 -0.0065796 
-0.0201254 0.0998448 -0.0051672 
-0.01809 0.0977436 -0.0046446 
-0.0153766 0.0940082 -0.003948 
-0.0124366 0.0870044 -0.003193 
-0.0106278 0.0755642 -0.0027288 
-0.0088188 0.0678604 -0.0022642 
-0.0049746 0.0643582 -0.001277 
-0.0132024 0.0573546 -0.0016678 
-0.0159818 0.0592222 -0.002019 
-0.017603 0.0645918 -0.0022236 
-0.018298 0.0795336 -0.0023116 
-0.0187612 0.08537 -0.0023698 
-0.0217722 0.0909734 -0.0027504 
-0.0243202 0.092841 -0.0030722 
-0.0266364 0.0930744 -0.0033648 
-0.026868 0.0975102 -0.003394 
-0.026249 0.1 -0.0033156 
-0.0206144 0.0998448 -0.0026042 
-0.0185296 0.0977436 -0.0023408 
-0.0157504 0.0940082 -0.0019896 
-0.0127388 0.0870044 -0.0016092 
-0.010886 0.0755642 -0.0013752 
-0.009033 0.0678604 -0.001141 
-0.0050956 0.0643582 -0.0006436 
-0.0161086 0.0592222 0 
-0.017743 0.0645918 0 
-0.0184434 0.0795336 0 
-0.0189102 0.08537 0 
-0.0219452 0.0909734 0 
-0.0245136 0.092841 0 
-0.026848 0.0930744 0 
-0.0270814 0.0975102 0 
-0.0264574 0.1 0 
-0.0207782 0.0998448 0 
-0.018677 0.0977436 0 
-0.0158754 0.0940082 0 
-0.01284 0.0870044 0 
-0.0109726 0.0755642 0 
-0.0091048 0.0678604 0 
-0.005136 0.0643582 0 
-0.017603 0.0645918 0.0022236 
-0.018298 0.0795336 0.0023116 
-0.0187612 0.08537 0.0023698 
-0.0217722 0.0909734 0.0027504 
-0.0243202 0.092841 0.0030722 
-0.0266364 0.0930744 0.0033648 
-0.026868 0.0975102 0.003394 
-0.026249 0.1 0.0033156 
-0.0206144 0.0998448 0.0026042 
-0.0185296 0.0977436 0.0023408 
-0.0157504 0.0940082 0.0019896 
-0.0127388 0.0870044 0.0016092 
-0.010886 0.0755642 0.0013752 
-0.009033 0.0678604 0.001141 
-0.0050956 0.0643582 0.0006436 
-0.0178638 0.0795336 0.0045864 
-0.0183162 0.08537 0.0047026 
-0.0212558 0.0909734 0.0054574 
-0.0237434 0.092841 0.0060962 
-0.0260046 0.0930744 0.0066766 
-0.0262308 0.0975102 0.0067348 
-0.0256264 0.1 0.0065796 
-0.0201254 0.0998448 0.0051672 
-0.01809 0.0977436 0.0046446 
-0.0153766 0.0940082 0.003948 
-0.0124366 0.0870044 0.003193 
-0.0106278 0.0755642 0.0027288 
-0.0088188 0.0678604 0.0022642 
-0.0049746 0.0643582 0.001277 
-0.0175822 0.08537 0.0069612 
-0.0204042 0.0909734 0.0080786 
-0.022792 0.092841 0.0090238 
-0.0249628 0.0930744 0.0098832 
-0.0251798 0.0975102 0.0099694 
-0.0245996 0.1 0.0097396 
-0.0193188 0.0998448 0.0076486 
-0.0173654 0.0977436 0.0068754 
-0.0147606 0.0940082 0.005844 
-0.0119384 0.0870044 0.0047266 
-0.010202 0.0755642 0.0040392 
-0.0084654 0.0678604 0.0033514 
-0.0047754 0.0643582 0.0018902 
-0.0192308 0.0909734 0.010572 
-0.0214814 0.092841 0.0118094 
-0.0235272 0.0930744 0.012934 
-0.0237318 0.0975102 0.0130466 
-0.023185 0.1 0.0127458 
-0.018208 0.0998448 0.0100094 
-0.0163668 0.0977436 0.0089976 
-0.0139116 0.0940082 0.007648 
-0.0112518 0.0870044 0.0061856 
-0.0096154 0.0755642 0.005286 
-0.0079784 0.0678604 0.0043862 
-0.0045008 0.0643582 0.0024742 
-0.0198318 0.092841 0.0144084 
-0.0217206 0.0930744 0.0157808 
-0.0219094 0.0975102 0.015918 
-0.0214048 0.1 0.015551 
-0.0168098 0.0998448 0.012213 
-0.01511 0.0977436 0.0109776 
-0.0128434 0.0940082 0.0093312 
-0.0103878 0.0870044 0.007547 
-0.0088772 0.0755642 0.0064496 
-0.007366 0.0678604 0.0053516 
-0.004155 0.0643582 0.0030186 
-0.0195714 0.0930744 0.0183788 
-0.0197416 0.0975102 0.0185384 
-0.0192868 0.1 0.0181114 
-0.0151466 0.0998448 0.0142236 
-0.0136148 0.0977436 0.012785 
-0.0115726 0.0940082 0.0108672 
-0.0093598 0.0870044 0.0087896 
-0.0079988 0.0755642 0.0075112 
-0.006637 0.0678604 0.0062322 
-0.0037442 0.0643582 0.0035158 
-0.0172624 0.0975102 0.0208666 
-0.0168646 0.1 0.020386 
-0.0132444 0.0998448 0.0160098 
-0.0119052 0.0977436 0.0143908 
-0.0101194 0.0940082 0.012232 
-0.0081846 0.0870044 0.0098932 
-0.0069942 0.0755642 0.0084544 
-0.0058036 0.0678604 0.0070152 
-0.0032738 0.0643582 0.0039572 
-0.0141768 0.1 0.0223388 
-0.0111332 0.0998448 0.0175434 
-0.0100076 0.0977436 0.0157694 
-0.0085064 0.0940082 0.013404 
-0.00688 0.0870044 0.010841 
-0.0058794 0.0755642 0.0092644 
-0.0048786 0.0678604 0.0076874 
-0.002752 0.0643582 0.0043364 
-0.0088468 0.0998448 0.0188004 
-0.0079522 0.0977436 0.0168994 
-0.0067594 0.0940082 0.0143644 
-0.005467 0.0870044 0.011618 
-0.004672 0.0755642 0.0099282 
-0.0038766 0.0678604 0.008238 
-0.0021868 0.0643582 0.0046472 
-0.0057714 0.0977436 0.0177626 
-0.0049058 0.0940082 0.0150982 
-0.0039676 0.0870044 0.0122112 
-0.0033908 0.0755642 0.0104354 
-0.0028134 0.0678604 0.0086588 
-0.001587 0.0643582 0.0048846 
-0.0029748 0.0940082 0.015594 
-0.0024058 0.0870044 0.0126124 
-0.002056 0.0755642 0.010778 
-0.001706 0.0678604 0.0089434 
-0.0009624 0.0643582 0.005045 
-0.0008062 0.0870044 0.0128144 
-0.0006888 0.0755642 0.010951 
-0.0005718 0.0678604 0.0090866 
-0.0003224 0.0643582 0.0051258 
0.0006886 0.0755642 0.010951 
0.0005714 0.0678604 0.0090866 
0.0003222 0.0643582 0.0051258 
0.0017058 0.0678604 0.0089434 
0.0009622 0.0643582 0.005045 
0.0015868 0.0643582 0.0048846 
0.008877 0.0755642 0.0064492 
0.0073658 0.0678604 0.0053516 
0.0041548 0.0643582 0.0030186 
0.0079782 0.0678604 0.0043862 
0.0045006 0.0643582 0.0024742 
0.0047752 0.0643582 0.0018902 
0.000463 -0.1 5.84e-05 
0.0421858 -0.0999522 0.0053292 
0.000452 -0.1 0.000116 
0.041185 -0.0999522 0.0105744 
0.0004338 -0.1 0.0001716 
0.039535 -0.0999522 0.0156528 
0.000409 -0.1 0.0002244 
0.0372616 -0.0999522 0.0204846 
0.0003774 -0.1 0.0002742 
0.0344002 -0.0999522 0.0249932 
0.0421548 -0.092996 0.005325 
0.0411548 -0.092996 0.0105668 
0.0395058 -0.092996 0.0156414 
0.037234 -0.092996 0.0204696 
0.0343748 -0.092996 0.0249748 
0.0326582 -0.0918288 0.0041256 
0.0318838 -0.0918288 0.0081864 
0.0306062 -0.0918288 0.0121178 
0.0288462 -0.0918288 0.0158582 
0.026631 -0.0918288 0.0193486 
0.0261726 -0.0892606 0.003306 
0.025552 -0.0892606 0.0065604 
0.0245284 -0.0892606 0.0097114 
0.0231176 -0.0892606 0.012709 
0.0213426 -0.0892606 0.015506 
0.0187608 -0.0845912 0.0023698 
0.018316 -0.0845912 0.0047026 
0.017582 -0.0845912 0.0069612 
0.016571 -0.0845912 0.0091098 
0.0152984 -0.0845912 0.0111152 
0.0122754 -0.0780544 0.0015506 
0.0119842 -0.0780544 0.003077 
0.0115042 -0.0780544 0.0045546 
0.0108426 -0.0780544 0.0059606 
0.01001 -0.0780544 0.0072726 
0.0101908 -0.0687158 0.0012874 
0.0099492 -0.0687158 0.0025544 
0.0095506 -0.0687158 0.0037814 
0.0090012 -0.0687158 0.0049484 
0.00831 -0.0687158 0.0060376 
0.0125072 -0.0614784 0.00158 
0.0122104 -0.0614784 0.0031352 
0.0117214 -0.0614784 0.0046408 
0.011047 -0.0614784 0.0060732 
0.010199 -0.0614784 0.0074102 
0.0178116 -0.0548924 0.00225 
0.0173892 -0.0548924 0.0044646 
0.0166922 -0.0548924 0.006609 
0.0157324 -0.0548924 0.008649 
0.0145244 -0.0548924 0.0105526 
0.0212488 -0.0517632 0.0026842 
0.0207448 -0.0517632 0.0053262 
0.0199136 -0.0517632 0.0078844 
0.0187686 -0.0517632 0.0103178 
0.0173272 -0.0517632 0.012589 
0.0213086 -0.047704 0.0026916 
0.0208032 -0.047704 0.0053412 
0.0199698 -0.047704 0.0079066 
0.0188214 -0.047704 0.010347 
0.0173762 -0.047704 0.0126246 
0.0192242 -0.0456028 0.0024284 
0.018768 -0.0456028 0.0048188 
0.0180162 -0.0456028 0.007133 
0.01698 -0.0456028 0.0093348 
0.0156762 -0.0456028 0.0113896 
0.0164446 -0.0407002 0.0020772 
0.0160546 -0.0407002 0.004122 
0.0154114 -0.0407002 0.0061016 
0.014525 -0.0407002 0.0079854 
0.0134096 -0.0407002 0.0097426 
0.0138966 -0.032529 0.0017554 
0.0135672 -0.032529 0.0034834 
0.0130238 -0.032529 0.0051564 
0.0122748 -0.032529 0.0067482 
0.0113322 -0.032529 0.0082332 
0.0081064 0.0190664 0.001024 
0.007914 0.0190664 0.0020318 
0.007597 0.0190664 0.003008 
0.0071602 0.0190664 0.0039362 
0.0066104 0.0190664 0.0048026 
0.008338 0.0251366 0.0010534 
0.0081404 0.0251366 0.00209 
0.007814 0.0251366 0.0030938 
0.0073648 0.0251366 0.0040488 
0.0067992 0.0251366 0.00494 
0.0106242 0.0274038 0.0013422 
0.0103722 0.0274038 0.002663 
0.0099568 0.0274038 0.0039422 
0.009384 0.0274038 0.0051588 
0.0086634 0.0274038 0.0062944 
0.013202 0.028872 0.0016678 
0.012889 0.028872 0.0033092 
0.0123726 0.028872 0.0048988 
0.011661 0.028872 0.0064108 
0.0107656 0.028872 0.0078218 
0.013202 0.0326074 0.0016678 
0.012889 0.0326074 0.0033092 
0.0123726 0.0326074 0.0048988 
0.011661 0.0326074 0.0064108 
0.0107656 0.0326074 0.0078218 
0.0101908 0.0358758 0.0012874 
0.0099492 0.0358758 0.0025544 
0.0095506 0.0358758 0.0037814 
0.0090012 0.0358758 0.0049484 
0.00831 0.0358758 0.0060376 
0.008338 0.0410118 0.0010534 
0.0081404 0.0410118 0.00209 
0.007814 0.0410118 0.0030938 
0.0073648 0.0410118 0.0040488 
0.0067992 0.0410118 0.00494 
0.0074114 0.0470818 0.0009362 
0.0072358 0.0470818 0.0018578 
0.0069458 0.0470818 0.00275 
0.0065462 0.0470818 0.003599 
0.0060432 0.0470818 0.004391 
0.0092644 0.051518 0.0011702 
0.0090448 0.051518 0.0023222 
0.0086824 0.051518 0.0034376 
0.0081828 0.051518 0.0044988 
0.0075546 0.051518 0.0054888 
0.013202 0.0533856 0.0016678 
0.012889 0.0533856 0.0033092 
0.0123726 0.0533856 0.0048988 
0.011661 0.0533856 0.0064108 
0.0107656 0.0533856 0.0078218 
0.013202 0.0573546 0.0016678 
0.012889 0.0573546 0.0033092 
0.0123726 0.0573546 0.0048988 
0.011661 0.0573546 0.0064108 
0.0107656 0.0573546 0.0078218 
0.0159814 0.0592222 0.002019 
0.0156024 0.0592222 0.004006 
0.0149772 0.0592222 0.0059298 
0.0141158 0.0592222 0.0077604 
0.0130318 0.0592222 0.0094682 
0.0176028 0.0645918 0.0022236 
0.0171852 0.0645918 0.0044124 
0.0164966 0.0645918 0.0065316 
0.0155478 0.0645918 0.0085476 
0.0143542 0.0645918 0.0104288 
0.0182978 0.0795336 0.0023116 
0.0178636 0.0795336 0.0045864 
0.0171478 0.0795336 0.0067892 
0.0161618 0.0795336 0.0088852 
0.0149208 0.0795336 0.0108408 
0.0187608 0.08537 0.0023698 
0.018316 0.08537 0.0047026 
0.017582 0.08537 0.0069612 
0.016571 0.08537 0.0091098 
0.0152984 0.08537 0.0111152 
0.021772 0.0909734 0.0027502 
0.0212556 0.0909734 0.0054574 
0.020404 0.0909734 0.0080786 
0.0192304 0.0909734 0.010572 
0.017754 0.0909734 0.0128988 
0.0243198 0.092841 0.0030722 
0.023743 0.092841 0.0060962 
0.0227918 0.092841 0.0090238 
0.021481 0.092841 0.0118094 
0.0198316 0.092841 0.0144084 
0.026636 0.0930744 0.0033648 
0.0260042 0.0930744 0.0066766 
0.0249622 0.0930744 0.0098832 
0.023527 0.0930744 0.012934 
0.0217202 0.0930744 0.0157808 
0.0268676 0.0975102 0.003394 
0.0262306 0.0975102 0.0067348 
0.0251796 0.0975102 0.0099694 
0.0237316 0.0975102 0.0130466 
0.0219092 0.0975102 0.015918 
0.0262486 0.1 0.0033156 
0.0256262 0.1 0.0065796 
0.0245994 0.1 0.0097396 
0.0231848 0.1 0.0127458 
0.0214044 0.1 0.015551 
0.0206142 0.0998448 0.0026042 
0.020125 0.0998448 0.0051672 
0.0193186 0.0998448 0.0076486 
0.0182076 0.0998448 0.0100094 
0.0168096 0.0998448 0.012213 
0.0185294 0.0977436 0.0023408 
0.0180898 0.0977436 0.0046446 
0.0173652 0.0977436 0.0068754 
0.0163662 0.0977436 0.0089976 
0.0151098 0.0977436 0.0109776 
0.0139114 0.0940082 0.007648 
0.011938 0.0870044 0.0047266 
0.0106276 0.0755642 0.0027288 
0.0090328 0.0678604 0.001141 
0.0147604 0.0940082 0.005844 
0.0124364 0.0870044 0.003193 
0.0108858 0.0755642 0.0013752 
0.0153764 0.0940082 0.003948 
0.0127386 0.0870044 0.0016092 
0.0157498 0.0940082 0.0019896 