1.5 0 0 
1.06066 0 1.06066 
0 0 1.5 
-1.06066 0 1.06066 
-1.5 0 0 
-1.06066 0 -1.06066 
0 0 -1.5 
1.06066 0 -1.06066 
1.25 0.433013 0 
0.883883 0.433013 0.883883 
0 0.433013 1.25 
-0.883883 0.433013 0.883883 
-1.25 0.433013 0 
-0.883884 0.433013 -0.883883 
0 0.433013 -1.25 
0.883883 0.433013 -0.883884 
0.75 0.433013 0 
0.53033 0.433013 0.53033 
0 0.433013 0.75 
-0.53033 0.433013 0.53033 
-0.75 0.433013 0 
-0.53033 0.433013 -0.53033 
0 0.433013 -0.75 
0.53033 0.433013 -0.53033 
0.5 0 0 
0.353553 0 0.353553 
0 0 0.5 
-0.353553 0 0.353553 
-0.5 0 0 
-0.353553 0 -0.353553 
0 0 -0.5 
0.353553 0 -0.353553 
0.75 -0.433013 0 
0.53033 -0.433013 0.53033 
0 -0.433013 0.75 
-0.53033 -0.433013 0.53033 
-0.75 -0.433013 0 
-0.53033 -0.433013 -0.53033 
0 -0.433013 -0.75 
0.53033 -0.433013 -0.53033 
1.25 -0.433013 0 
0.883883 -0.433013 0.883883 
0 -0.433013 1.25 
-0.883883 -0.433013 0.883883 
-1.25 -0.433013 0 
-0.883884 -0.433013 -0.883883 
0 -0.433013 -1.25 
0.883883 -0.433013 -0.883884 
1.17364 0.216506 0.486136 
0.486136 0.216506 1.17364 
-0.486136 0.216506 1.17364 
-1.17364 0.216506 0.486136 
-1.17364 0.216506 -0.486136 
-0.486136 0.216506 -1.17364 
0.486136 0.216506 -1.17364 
1.17364 0.216506 -0.486136 
0.853553 0.433013 0.353553 
0.353553 0.433013 0.853553 
-0.353553 0.433013 0.853553 
-0.853553 0.433013 0.353553 
-0.853553 0.433013 -0.353553 
-0.353554 0.433013 -0.853553 
0.353553 0.433013 -0.853553 
0.853553 0.433013 -0.353554 
0.533471 0.216506 0.220971 
0.220971 0.216506 0.533471 
-0.220971 0.216506 0.533471 
-0.533471 0.216506 0.220971 
-0.533471 0.216506 -0.220971 
-0.220971 0.216506 -0.533471 
0.220971 0.216506 -0.533471 
0.533471 0.216506 -0.220971 
0.533471 -0.216507 0.220971 
0.220971 -0.216507 0.533471 
-0.220971 -0.216507 0.533471 
-0.533471 -0.216507 0.220971 
-0.533471 -0.216507 -0.220971 
-0.220971 -0.216507 -0.533471 
0.220971 -0.216507 -0.533471 
0.533471 -0.216507 -0.220971 
0.853553 -0.433013 0.353553 
0.353553 -0.433013 0.853553 
-0.353553 -0.433013 0.853553 
-0.853553 -0.433013 0.353553 
-0.853553 -0.433013 -0.353553 
-0.353554 -0.433013 -0.853553 
0.353553 -0.433013 -0.853553 
0.853553 -0.433013 -0.353554 
1.17364 -0.216506 0.486136 
0.486136 -0.216506 1.17364 
-0.486136 -0.216506 1.17364 
-1.17364 -0.216506 0.486136 
-1.17364 -0.216506 -0.486136 
-0.486136 -0.216506 -1.17364 
0.486136 -0.216506 -1.17364 
1.17364 -0.216506 -0.486136 